idx	label	predict	radius	correct	time
0	6	6	0.616	1	2.62
25	6	-1	0.0	0	2.56
50	9	4	0.145	0	2.56
75	1	-1	0.0	0	2.56
100	8	8	0.752	1	2.56
125	6	6	0.951	1	2.56
150	3	-1	0.0	0	2.57
175	4	-1	0.0	0	2.57
200	6	-1	0.0	0	2.57
225	9	9	1.86	1	2.57
250	1	1	0.249	1	2.58
275	1	1	2.38	1	2.58
300	2	-1	0.0	0	2.59
325	1	1	0.892	1	2.59
350	6	4	0.867	0	2.59
375	1	-1	0.0	0	2.6
400	2	-1	0.0	0	2.6
425	2	2	0.0943	1	2.61
450	5	-1	0.0	0	2.61
475	8	8	0.597	1	2.61
500	5	5	0.23	1	2.61
525	6	6	0.643	1	2.61
550	3	3	0.801	1	2.61
575	7	-1	0.0	0	2.61
600	0	0	0.0741	1	2.62
625	6	6	1.55	1	2.62
650	0	0	1.54	1	2.62
675	5	5	0.523	1	2.62
700	0	-1	0.0	0	2.62
725	4	-1	0.0	0	2.62
750	5	5	0.294	1	2.63
775	2	5	0.685	0	2.63
800	2	-1	0.0	0	2.63
825	7	7	2.95	1	2.63
850	3	6	0.157	0	2.63
875	5	-1	0.0	0	2.63
900	9	9	0.0455	1	2.63
925	4	-1	0.0	0	2.63
950	9	9	0.566	1	2.63
975	2	-1	0.0	0	2.63
1000	9	9	0.0135	1	2.64
1025	3	-1	0.0	0	2.63
1050	2	-1	0.0	0	2.64
1075	9	7	0.158	0	2.64
1100	3	6	0.137	0	2.64
1125	7	7	1.52	1	2.64
1150	3	9	0.0321	0	2.64
1175	6	6	1.45	1	2.64
1200	7	7	0.934	1	2.64
1225	4	-1	0.0	0	2.64
1250	8	8	0.637	1	2.64
1275	7	4	0.187	0	2.64
1300	8	8	1.4	1	2.64
1325	8	-1	0.0	0	2.64
1350	4	-1	0.0	0	2.64
1375	8	8	2.32	1	2.64
1400	0	0	2.15	1	2.64
1425	4	6	0.182	0	2.64
1450	4	4	1.55	1	2.64
1475	2	1	0.0504	0	2.64
1500	2	2	0.177	1	2.64
1525	5	6	0.258	0	2.64
1550	6	6	0.769	1	2.64
1575	4	-1	0.0	0	2.64
1600	5	-1	0.0	0	2.64
1625	3	2	0.0609	0	2.64
1650	7	7	0.0432	1	2.64
1675	2	-1	0.0	0	2.64
1700	3	3	0.447	1	2.64
1725	9	9	1.89	1	2.64
1750	5	5	1.22	1	2.64
1775	8	1	0.244	0	2.64
1800	2	2	0.901	1	2.64
1825	7	7	0.724	1	2.64
1850	2	-1	0.0	0	2.64
1875	5	-1	0.0	0	2.64
1900	7	7	0.709	1	2.64
1925	4	4	1.07	1	2.64
1950	0	-1	0.0	0	2.64
1975	9	9	2.74	1	2.64
2000	7	-1	0.0	0	2.64
2025	3	-1	0.0	0	2.64
2050	6	-1	0.0	0	2.64
2075	7	-1	0.0	0	2.64
2100	6	6	1.89	1	2.64
2125	5	-1	0.0	0	2.64
2150	6	6	1.27	1	2.64
2175	4	-1	0.0	0	2.64
2200	1	-1	0.0	0	2.65
2225	4	-1	0.0	0	2.64
2250	1	1	0.663	1	2.64
2275	7	-1	0.0	0	2.64
2300	4	7	0.496	0	2.64
2325	8	-1	0.0	0	2.64
2350	0	-1	0.0	0	2.64
2375	3	-1	0.0	0	2.64
2400	6	6	0.863	1	2.64
2425	3	-1	0.0	0	2.64
2450	4	0	0.384	0	2.64
2475	6	6	0.93	1	2.64
2500	5	2	0.368	0	2.64
2525	3	-1	0.0	0	2.64
2550	2	-1	0.0	0	2.64
2575	2	-1	0.0	0	2.64
2600	1	-1	0.0	0	2.64
2625	6	-1	0.0	0	2.64
2650	6	6	0.211	1	2.64
2675	0	8	0.216	0	2.64
2700	7	-1	0.0	0	2.64
2725	4	4	0.034	1	2.64
2750	7	7	0.464	1	2.64
2775	1	1	3.68	1	2.64
2800	1	9	0.0764	0	2.64
2825	1	1	1.46	1	2.64
2850	5	-1	0.0	0	2.64
2875	2	2	0.391	1	2.64
2900	4	4	0.653	1	2.64
2925	6	-1	0.0	0	2.64
2950	0	-1	0.0	0	2.64
2975	2	2	0.12	1	2.64
3000	3	-1	0.0	0	2.64
3025	1	1	0.332	1	2.64
3050	7	-1	0.0	0	2.64
3075	9	9	2.26	1	2.64
3100	3	-1	0.0	0	2.64
3125	3	-1	0.0	0	2.64
3150	7	9	0.408	0	2.64
3175	9	9	0.891	1	2.64
3200	6	-1	0.0	0	2.64
3225	4	-1	0.0	0	2.64
3250	8	-1	0.0	0	2.64
3275	7	7	0.904	1	2.64
3300	4	-1	0.0	0	2.64
3325	2	-1	0.0	0	2.64
3350	8	8	1.59	1	2.64
3375	0	4	0.0189	0	2.64
3400	7	7	0.66	1	2.64
3425	8	0	0.646	0	2.64
3450	7	7	1.75	1	2.64
3475	3	3	1.43	1	2.64
3500	6	-1	0.0	0	2.64
3525	6	6	0.228	1	2.64
3550	3	-1	0.0	0	2.64
3575	3	-1	0.0	0	2.64
3600	9	3	0.186	0	2.64
3625	8	8	3.35	1	2.64
3650	3	5	0.335	0	2.64
3675	2	2	0.445	1	2.64
3700	9	9	0.658	1	2.64
3725	0	-1	0.0	0	2.64
3750	4	4	1.3	1	2.64
3775	6	6	0.291	1	2.64
3800	8	8	0.024	1	2.64
3825	6	6	2.04	1	2.64
3850	9	9	1.52	1	2.64
3875	3	3	0.45	1	2.64
3900	0	-1	0.0	0	2.64
3925	4	-1	0.0	0	2.64
3950	8	-1	0.0	0	2.64
3975	7	7	0.264	1	2.64
4000	5	5	0.739	1	2.64
4025	3	5	1.14	0	2.64
4050	1	9	1.28	0	2.64
4075	7	7	2.14	1	2.64
4100	1	1	1.54	1	2.64
4125	5	4	0.255	0	2.64
4150	9	9	0.318	1	2.64
4175	4	7	0.331	0	2.64
4200	1	1	0.253	1	2.64
4225	8	8	2.05	1	2.64
4250	1	-1	0.0	0	2.64
4275	5	3	1.01	0	2.64
4300	8	8	2.62	1	2.64
4325	7	-1	0.0	0	2.64
4350	3	-1	0.0	0	2.64
4375	2	2	2.08	1	2.64
4400	4	4	0.0571	1	2.64
4425	2	4	0.0731	0	2.64
4450	6	6	0.973	1	2.64
4475	3	6	0.604	0	2.64
4500	1	1	0.835	1	2.64
4525	2	6	0.0187	0	2.64
4550	6	-1	0.0	0	2.64
4575	8	8	2.29	1	2.64
4600	5	-1	0.0	0	2.64
4625	1	1	0.575	1	2.64
4650	7	7	0.931	1	2.64
4675	9	5	0.32	0	2.64
4700	2	-1	0.0	0	2.64
4725	4	4	1.51	1	2.64
4750	4	4	0.336	1	2.64
4775	1	9	1.45	0	2.64
4800	8	8	0.733	1	2.64
4825	8	8	0.671	1	2.64
4850	5	5	1.95	1	2.64
4875	6	6	1.21	1	2.64
4900	7	7	1.14	1	2.64
4925	0	0	0.2	1	2.64
4950	3	3	1.26	1	2.64
4975	8	8	1.33	1	2.64
5000	6	-1	0.0	0	2.64
5025	6	6	1.63	1	2.64
5050	0	8	0.565	0	2.64
5075	4	-1	0.0	0	2.64
5100	5	-1	0.0	0	2.64
5125	1	1	0.449	1	2.64
5150	2	-1	0.0	0	2.64
5175	5	3	0.192	0	2.64
5200	7	-1	0.0	0	2.64
5225	4	6	0.679	0	2.64
5250	8	-1	0.0	0	2.64
5275	9	9	0.0714	1	2.64
5300	9	9	1.27	1	2.64
5325	7	-1	0.0	0	2.64
5350	4	-1	0.0	0	2.64
5375	6	6	0.157	1	2.64
5400	3	3	0.0445	1	2.64
5425	3	5	0.37	0	2.64
5450	3	-1	0.0	0	2.64
5475	3	-1	0.0	0	2.64
5500	5	3	0.667	0	2.64
5525	7	-1	0.0	0	2.64
5550	2	6	0.419	0	2.64
5575	2	-1	0.0	0	2.64
5600	8	8	2.94	1	2.64
5625	4	-1	0.0	0	2.64
5650	9	9	0.432	1	2.64
5675	8	8	1.3	1	2.64
5700	5	-1	0.0	0	2.64
5725	3	-1	0.0	0	2.64
5750	8	8	1.57	1	2.64
5775	0	0	2.07	1	2.64
5800	3	5	1.16	0	2.64
5825	2	4	0.382	0	2.64
5850	5	-1	0.0	0	2.64
5875	8	8	1.94	1	2.64
5900	6	6	0.253	1	2.64
5925	7	-1	0.0	0	2.64
5950	4	2	0.182	0	2.64
5975	1	1	0.361	1	2.64
6000	6	-1	0.0	0	2.64
6025	6	2	0.79	0	2.64
6050	8	-1	0.0	0	2.64
6075	0	0	0.838	1	2.64
6100	5	3	0.393	0	2.64
6125	6	-1	0.0	0	2.64
6150	9	9	1.77	1	2.64
6175	4	6	0.735	0	2.64
6200	3	5	0.983	0	2.64
6225	8	-1	0.0	0	2.64
6250	8	1	0.621	0	2.64
6275	9	9	1.82	1	2.64
6300	6	6	1.91	1	2.64
6325	1	1	1.66	1	2.64
6350	6	-1	0.0	0	2.64
6375	1	-1	0.0	0	2.64
6400	0	0	1.86	1	2.64
6425	0	0	0.00919	1	2.64
6450	4	2	0.22	0	2.64
6475	4	4	0.906	1	2.64
6500	6	-1	0.0	0	2.64
6525	9	9	1.52	1	2.64
6550	1	1	0.523	1	2.64
6575	5	-1	0.0	0	2.64
6600	7	-1	0.0	0	2.64
6625	9	-1	0.0	0	2.64
6650	0	0	3.42	1	2.64
6675	5	5	0.984	1	2.64
6700	3	-1	0.0	0	2.64
6725	1	1	0.131	1	2.64
6750	6	6	0.645	1	2.64
6775	8	8	1.54	1	2.64
6800	7	7	1.02	1	2.64
6825	8	8	0.927	1	2.64
6850	7	-1	0.0	0	2.64
6875	4	7	0.312	0	2.64
6900	9	-1	0.0	0	2.64
6925	6	6	1.37	1	2.64
6950	4	-1	0.0	0	2.64
6975	8	8	0.662	1	2.64
7000	5	5	0.538	1	2.64
7025	6	-1	0.0	0	2.64
7050	3	-1	0.0	0	2.64
7075	3	-1	0.0	0	2.64
7100	4	3	0.311	0	2.64
7125	3	3	0.738	1	2.64
7150	5	5	1.59	1	2.64
7175	6	6	0.129	1	2.64
7200	3	-1	0.0	0	2.64
7225	0	0	0.0912	1	2.64
7250	6	-1	0.0	0	2.64
7275	2	2	0.938	1	2.64
7300	1	-1	0.0	0	2.64
7325	7	7	1.01	1	2.64
7350	1	1	0.976	1	2.64
7375	1	1	1.44	1	2.64
7400	7	7	1.21	1	2.64
7425	5	5	0.831	1	2.64
7450	7	7	0.777	1	2.64
7475	1	1	1.07	1	2.64
7500	3	3	0.475	1	2.64
7525	2	4	0.529	0	2.64
7550	0	0	0.501	1	2.64
7575	6	6	0.363	1	2.64
7600	1	9	0.925	0	2.64
7625	4	4	0.96	1	2.64
7650	6	6	1.02	1	2.64
7675	6	-1	0.0	0	2.64
7700	0	0	0.282	1	2.64
7725	7	7	0.469	1	2.64
7750	5	3	0.0807	0	2.64
7775	4	6	0.0307	0	2.64
7800	7	7	0.473	1	2.64
7825	6	6	2.54	1	2.64
7850	2	2	0.0894	1	2.64
7875	1	-1	0.0	0	2.64
7900	8	8	1.51	1	2.64
7925	0	0	1.64	1	2.64
7950	6	6	1.03	1	2.64
7975	6	4	0.265	0	2.64
8000	3	-1	0.0	0	2.64
8025	2	3	0.0758	0	2.64
8050	5	-1	0.0	0	2.64
8075	9	9	1.25	1	2.64
8100	2	4	0.429	0	2.64
8125	9	9	1.53	1	2.64
8150	8	8	0.00889	1	2.64
8175	1	-1	0.0	0	2.64
8200	0	8	0.48	0	2.64
8225	1	-1	0.0	0	2.64
8250	8	-1	0.0	0	2.64
8275	2	2	0.574	1	2.64
8300	1	1	0.268	1	2.64
8325	5	3	0.0465	0	2.64
8350	1	1	0.829	1	2.64
8375	4	6	0.336	0	2.64
8400	5	-1	0.0	0	2.64
8425	0	0	1.52	1	2.64
8450	1	1	1.62	1	2.64
8475	1	1	0.706	1	2.64
8500	5	5	1.98	1	2.64
8525	8	8	2.17	1	2.64
8550	1	9	0.716	0	2.64
8575	9	9	0.347	1	2.64
8600	1	1	1.5	1	2.64
8625	1	-1	0.0	0	2.64
8650	9	1	0.0522	0	2.64
8675	5	5	1.66	1	2.64
8700	8	-1	0.0	0	2.64
8725	9	-1	0.0	0	2.64
8750	2	2	0.791	1	2.64
8775	8	8	0.887	1	2.64
8800	2	-1	0.0	0	2.64
8825	1	1	0.37	1	2.64
8850	9	9	0.188	1	2.64
8875	1	-1	0.0	0	2.64
8900	1	1	1.11	1	2.64
8925	0	0	0.574	1	2.64
8950	6	3	0.00363	0	2.64
8975	9	9	0.532	1	2.64
9000	4	-1	0.0	0	2.64
9025	9	9	0.152	1	2.66
9050	6	6	0.519	1	2.64
9075	7	2	0.191	0	2.64
9100	3	-1	0.0	0	2.64
9125	6	6	0.997	1	2.64
9150	2	-1	0.0	0	2.64
9175	2	6	0.709	0	2.64
9200	6	-1	0.0	0	2.64
9225	7	6	0.108	0	2.64
9250	4	4	0.588	1	2.64
9275	6	6	1.88	1	2.64
9300	3	6	0.851	0	2.64
9325	0	0	0.803	1	2.64
9350	2	0	0.0117	0	2.64
9375	0	0	0.629	1	2.64
9400	1	-1	0.0	0	2.64
9425	9	-1	0.0	0	2.64
9450	5	2	0.384	0	2.64
9475	2	-1	0.0	0	2.64
9500	4	6	0.658	0	2.64
9525	0	0	2.09	1	2.64
9550	4	7	0.57	0	2.64
9575	6	6	0.342	1	2.64
9600	3	-1	0.0	0	2.64
9625	6	-1	0.0	0	2.64
9650	4	4	0.181	1	2.64
9675	8	8	0.0494	1	2.64
9700	3	3	0.00155	1	2.64
9725	7	7	0.0571	1	2.64
9750	4	4	0.106	1	2.64
9775	4	4	0.0848	1	2.64
9800	0	-1	0.0	0	2.64
9825	9	-1	0.0	0	2.64
9850	6	3	0.612	0	2.64
9875	5	-1	0.0	0	2.64
9900	2	4	1.22	0	2.64
9925	0	0	0.237	1	2.64
9950	4	-1	0.0	0	2.64
9975	8	8	0.305	1	2.64
10000	1	-1	0.0	0	2.64
10025	6	-1	0.0	0	2.64
10050	0	1	0.0925	0	2.64
10075	9	9	2.3	1	2.64
10100	1	1	0.627	1	2.64
10125	3	3	0.932	1	2.64
10150	4	3	0.747	0	2.64
10175	5	5	1.55	1	2.64
10200	6	-1	0.0	0	2.64
10225	7	-1	0.0	0	2.64
10250	4	-1	0.0	0	2.64
10275	0	0	1.83	1	2.64
10300	4	-1	0.0	0	2.64
10325	1	1	1.75	1	2.64
10350	4	2	0.648	0	2.64
10375	9	9	2.43	1	2.64
10400	6	-1	0.0	0	2.64
10425	0	0	0.595	1	2.64
10450	1	1	0.092	1	2.64
10475	8	8	1.54	1	2.64
10500	4	4	0.332	1	2.64
10525	4	4	0.413	1	2.64
10550	6	6	1.16	1	2.64
10575	3	6	0.307	0	2.64
10600	6	6	1.09	1	2.64
10625	8	0	0.539	0	2.64
10650	0	0	0.758	1	2.64
10675	0	0	1.02	1	2.64
10700	2	-1	0.0	0	2.64
10725	2	6	0.862	0	2.64
10750	2	-1	0.0	0	2.64
10775	8	8	0.31	1	2.64
10800	5	-1	0.0	0	2.64
10825	3	-1	0.0	0	2.64
10850	9	0	0.667	0	2.64
10875	4	-1	0.0	0	2.64
10900	4	4	0.266	1	2.64
10925	4	-1	0.0	0	2.64
10950	4	4	0.448	1	2.64
10975	8	8	1.99	1	2.64
11000	1	1	1.02	1	2.64
11025	3	3	0.0617	1	2.64
11050	2	-1	0.0	0	2.64
11075	1	1	0.602	1	2.64
11100	0	0	2.47	1	2.64
11125	4	-1	0.0	0	2.64
11150	6	6	1.37	1	2.64
11175	2	2	0.0731	1	2.64
11200	8	4	0.0713	0	2.64
11225	9	-1	0.0	0	2.64
11250	4	-1	0.0	0	2.64
11275	9	9	0.679	1	2.64
11300	7	7	0.106	1	2.64
11325	0	0	0.293	1	2.64
11350	7	7	0.0908	1	2.64
11375	5	-1	0.0	0	2.64
11400	0	0	0.58	1	2.64
11425	0	0	3.38	1	2.64
11450	5	2	0.0743	0	2.64
11475	0	0	1.79	1	2.64
11500	2	-1	0.0	0	2.64
11525	5	5	0.0154	1	2.64
11550	4	-1	0.0	0	2.64
11575	5	-1	0.0	0	2.64
11600	5	5	0.182	1	2.64
11625	3	-1	0.0	0	2.64
11650	2	0	2.69	0	2.64
11675	6	-1	0.0	0	2.64
11700	9	9	0.754	1	2.64
11725	5	5	0.343	1	2.64
11750	1	-1	0.0	0	2.64
11775	0	0	0.206	1	2.64
11800	6	6	0.372	1	2.64
11825	2	5	1.84	0	2.64
11850	1	1	0.0877	1	2.64
11875	6	6	0.494	1	2.64
11900	8	8	0.688	1	2.64
11925	4	-1	0.0	0	2.64
11950	7	-1	0.0	0	2.64
11975	0	0	0.785	1	2.64
12000	6	-1	0.0	0	2.64
12025	1	1	0.696	1	2.64
12050	3	-1	0.0	0	2.64
12075	4	4	0.666	1	2.64
12100	1	1	1.96	1	2.64
12125	8	8	0.46	1	2.64
12150	1	1	0.793	1	2.64
12175	8	-1	0.0	0	2.64
12200	2	-1	0.0	0	2.64
12225	3	6	1.32	0	2.64
12250	2	-1	0.0	0	2.64
12275	1	-1	0.0	0	2.64
12300	5	-1	0.0	0	2.64
12325	0	0	2.37	1	2.64
12350	1	1	1.9	1	2.64
12375	0	0	0.924	1	2.64
12400	8	8	2.57	1	2.64
12425	3	-1	0.0	0	2.64
12450	3	-1	0.0	0	2.64
12475	3	-1	0.0	0	2.64
12500	3	5	0.331	0	2.64
12525	6	6	0.0231	1	2.64
12550	6	-1	0.0	0	2.64
12575	1	1	1.66	1	2.64
12600	8	9	0.301	0	2.64
12625	7	5	1.47	0	2.64
12650	8	-1	0.0	0	2.64
12675	2	4	0.199	0	2.64
12700	9	9	1.17	1	2.64
12725	8	8	0.447	1	2.64
12750	3	-1	0.0	0	2.64
12775	9	-1	0.0	0	2.64
12800	1	1	1.1	1	2.64
12825	5	3	1.05	0	2.64
12850	6	6	0.618	1	2.64
12875	1	-1	0.0	0	2.64
12900	7	-1	0.0	0	2.64
12925	7	5	0.0177	0	2.64
12950	9	-1	0.0	0	2.64
12975	4	-1	0.0	0	2.64
13000	9	1	0.222	0	2.64
13025	4	7	0.459	0	2.64
13050	5	5	0.288	1	2.64
13075	2	0	0.172	0	2.64
13100	5	5	0.646	1	2.64
13125	9	9	0.534	1	2.64
13150	5	4	0.265	0	2.64
13175	8	8	1.77	1	2.64
13200	7	7	0.129	1	2.64
13225	0	0	0.0121	1	2.64
13250	2	6	0.315	0	2.64
13275	2	-1	0.0	0	2.64
13300	2	2	0.393	1	2.64
13325	8	0	0.067	0	2.64
13350	8	8	2.62	1	2.64
13375	5	6	0.0332	0	2.64
13400	0	-1	0.0	0	2.64
13425	8	8	1.11	1	2.64
13450	7	7	3.1	1	2.64
13475	9	9	0.89	1	2.64
13500	6	6	1.2	1	2.64
13525	7	7	2.01	1	2.64
13550	6	6	0.191	1	2.64
13575	0	8	0.0883	0	2.64
13600	6	-1	0.0	0	2.64
13625	9	6	0.2	0	2.64
13650	0	0	0.175	1	2.64
13675	2	2	0.0637	1	2.64
13700	3	-1	0.0	0	2.64
13725	3	6	0.0221	0	2.64
13750	3	-1	0.0	0	2.64
13775	7	5	0.0814	0	2.64
13800	0	0	0.322	1	2.64
13825	6	3	1.04	0	2.64
13850	0	-1	0.0	0	2.64
13875	4	4	0.161	1	2.64
13900	7	7	0.61	1	2.64
13925	3	6	0.375	0	2.64
13950	7	6	0.158	0	2.64
13975	7	3	0.128	0	2.64
14000	4	-1	0.0	0	2.64
14025	0	-1	0.0	0	2.64
14050	7	9	0.441	0	2.64
14075	4	-1	0.0	0	2.64
14100	9	9	0.804	1	2.64
14125	3	-1	0.0	0	2.64
14150	7	3	0.893	0	2.64
14175	2	2	0.333	1	2.64
14200	6	-1	0.0	0	2.64
14225	3	-1	0.0	0	2.64
14250	9	-1	0.0	0	2.64
14275	0	6	0.42	0	2.64
14300	1	1	0.532	1	2.64
14325	0	0	0.894	1	2.64
14350	0	-1	0.0	0	2.64
14375	7	7	0.725	1	2.64
14400	7	7	1.53	1	2.64
14425	1	-1	0.0	0	2.64
14450	0	0	2.86	1	2.64
14475	9	1	0.0191	0	2.64
14500	2	-1	0.0	0	2.64
14525	9	9	0.956	1	2.64
14550	0	0	0.642	1	2.64
14575	3	2	0.122	0	2.64
14600	4	5	0.145	0	2.64
14625	6	-1	0.0	0	2.65
14650	5	5	0.579	1	2.64
14675	2	-1	0.0	0	2.64
14700	5	3	0.156	0	2.64
14725	7	7	0.44	1	2.64
14750	5	5	0.341	1	2.64
14775	7	-1	0.0	0	2.64
14800	3	5	1.02	0	2.64
14825	9	-1	0.0	0	2.64
14850	5	-1	0.0	0	2.64
14875	5	-1	0.0	0	2.64
14900	1	1	1.11	1	2.64
14925	4	-1	0.0	0	2.64
14950	6	-1	0.0	0	2.64
14975	5	-1	0.0	0	2.64
15000	0	0	0.638	1	2.64
15025	8	8	1.4	1	2.64
15050	6	3	0.346	0	2.64
15075	6	9	1.0	0	2.64
15100	1	1	0.34	1	2.64
15125	2	6	0.0809	0	2.64
15150	9	9	0.853	1	2.64
15175	3	6	0.194	0	2.64
15200	2	4	0.34	0	2.64
15225	0	0	1.52	1	2.64
15250	8	8	2.28	1	2.64
15275	1	1	1.33	1	2.64
15300	3	3	1.05	1	2.64
15325	7	7	0.877	1	2.64
15350	9	9	2.14	1	2.64
15375	9	9	1.59	1	2.64
15400	7	7	0.71	1	2.64
15425	1	-1	0.0	0	2.64
15450	5	-1	0.0	0	2.64
15475	5	5	0.962	1	2.64
15500	0	0	0.0777	1	2.64
15525	4	4	1.71	1	2.64
15550	7	2	0.66	0	2.64
15575	5	7	0.0669	0	2.64
15600	6	6	0.562	1	2.64
15625	4	4	0.652	1	2.64
15650	6	-1	0.0	0	2.64
15675	6	-1	0.0	0	2.64
15700	2	6	0.0727	0	2.64
15725	9	-1	0.0	0	2.64
15750	9	9	1.14	1	2.64
15775	5	3	0.284	0	2.64
15800	6	-1	0.0	0	2.64
15825	9	7	2.06	0	2.64
15850	7	-1	0.0	0	2.64
15875	6	-1	0.0	0	2.64
15900	0	0	3.39	1	2.64
15925	4	4	0.531	1	2.64
15950	1	-1	0.0	0	2.64
15975	2	2	0.369	1	2.64
16000	7	-1	0.0	0	2.64
16025	7	7	0.518	1	2.64
16050	2	-1	0.0	0	2.64
16075	0	-1	0.0	0	2.64
16100	0	0	0.107	1	2.64
16125	8	8	0.481	1	2.64
16150	5	6	0.788	0	2.64
16175	7	4	0.206	0	2.64
16200	4	-1	0.0	0	2.64
16225	0	8	1.17	0	2.64
16250	1	1	0.49	1	2.64
16275	1	1	1.93	1	2.64
16300	7	7	2.45	1	2.64
16325	1	1	0.217	1	2.64
16350	7	7	1.44	1	2.64
16375	0	-1	0.0	0	2.64
16400	1	-1	0.0	0	2.64
16425	8	8	1.58	1	2.64
16450	0	0	0.713	1	2.64
16475	6	-1	0.0	0	2.64
16500	6	-1	0.0	0	2.64
16525	4	6	1.12	0	2.64
16550	7	3	0.418	0	2.64
16575	1	1	0.312	1	2.64
16600	7	4	0.213	0	2.64
16625	0	0	0.973	1	2.64
16650	8	8	1.33	1	2.64
16675	6	-1	0.0	0	2.64
16700	8	8	0.167	1	2.64
16725	9	9	1.84	1	2.64
16750	7	-1	0.0	0	2.64
16775	8	8	0.155	1	2.64
16800	1	9	0.173	0	2.64
16825	0	0	1.14	1	2.64
16850	1	1	2.41	1	2.64
16875	2	-1	0.0	0	2.64
16900	2	6	0.243	0	2.64
16925	1	1	0.906	1	2.64
16950	3	6	0.171	0	2.64
16975	9	9	0.945	1	2.64
17000	6	6	0.519	1	2.64
17025	6	-1	0.0	0	2.64
17050	7	7	0.736	1	2.64
17075	6	6	0.863	1	2.64
17100	0	0	0.895	1	2.64
17125	8	8	1.27	1	2.64
17150	4	-1	0.0	0	2.64
17175	5	-1	0.0	0	2.64
17200	0	0	0.131	1	2.64
17225	8	-1	0.0	0	2.64
17250	8	9	0.642	0	2.64
17275	1	-1	0.0	0	2.64
17300	3	-1	0.0	0	2.64
17325	2	6	0.182	0	2.64
17350	4	-1	0.0	0	2.64
17375	5	-1	0.0	0	2.64
17400	5	4	1.88	0	2.64
17425	5	4	0.383	0	2.64
17450	4	4	0.592	1	2.64
17475	1	1	0.87	1	2.64
17500	4	8	0.312	0	2.64
17525	0	-1	0.0	0	2.64
17550	4	4	0.0822	1	2.64
17575	7	7	2.58	1	2.64
17600	9	-1	0.0	0	2.64
17625	8	8	1.22	1	2.64
17650	3	4	0.504	0	2.64
17675	6	4	0.406	0	2.64
17700	1	9	0.978	0	2.64
17725	4	-1	0.0	0	2.64
17750	1	1	2.13	1	2.64
17775	7	-1	0.0	0	2.64
17800	4	-1	0.0	0	2.64
17825	5	0	0.153	0	2.64
17850	2	8	0.295	0	2.64
17875	9	9	1.49	1	2.64
17900	2	5	0.0945	0	2.64
17925	6	6	0.774	1	2.64
17950	1	1	0.797	1	2.64
17975	9	9	1.28	1	2.64
18000	9	9	1.3	1	2.64
18025	6	-1	0.0	0	2.64
18050	6	6	0.907	1	2.64
18075	2	6	0.247	0	2.64
18100	0	0	0.296	1	2.64
18125	8	-1	0.0	0	2.64
18150	5	3	0.208	0	2.64
18175	9	9	1.08	1	2.64
18200	0	0	0.176	1	2.64
18225	2	2	1.02	1	2.64
18250	6	6	0.0737	1	2.64
18275	2	2	0.203	1	2.64
18300	4	-1	0.0	0	2.64
18325	6	5	0.202	0	2.64
18350	7	7	0.479	1	2.64
18375	2	6	0.249	0	2.64
18400	3	-1	0.0	0	2.64
18425	1	1	0.685	1	2.64
18450	4	-1	0.0	0	2.64
18475	5	4	0.29	0	2.64
18500	7	7	1.21	1	2.64
18525	0	0	2.06	1	2.64
18550	4	-1	0.0	0	2.64
18575	5	4	0.127	0	2.64
18600	5	5	0.529	1	2.64
18625	1	-1	0.0	0	2.64
18650	2	4	0.789	0	2.64
18675	8	8	1.22	1	2.64
18700	8	8	1.87	1	2.64
18725	8	9	0.729	0	2.64
18750	9	9	0.302	1	2.64
18775	7	7	0.905	1	2.64
18800	9	1	0.333	0	2.64
18825	1	9	0.747	0	2.64
18850	9	9	0.785	1	2.64
18875	4	4	0.482	1	2.64
18900	0	8	0.0023	0	2.64
18925	0	8	0.238	0	2.64
18950	8	8	0.991	1	2.64
18975	7	-1	0.0	0	2.64
19000	6	6	0.313	1	2.64
19025	3	5	0.716	0	2.64
19050	9	9	1.76	1	2.64
19075	3	9	0.0468	0	2.64
19100	9	9	0.0169	1	2.64
19125	1	1	0.942	1	2.64
19150	5	3	1.12	0	2.64
19175	8	1	0.324	0	2.64
19200	7	7	1.52	1	2.64
19225	2	-1	0.0	0	2.64
19250	7	9	0.215	0	2.64
19275	6	6	1.39	1	2.64
19300	7	7	0.721	1	2.64
19325	7	-1	0.0	0	2.64
19350	5	-1	0.0	0	2.64
19375	3	-1	0.0	0	2.64
19400	4	4	0.899	1	2.64
19425	2	2	0.116	1	2.64
19450	1	1	0.727	1	2.64
19475	4	4	0.363	1	2.64
19500	1	-1	0.0	0	2.64
19525	9	-1	0.0	0	2.64
19550	1	-1	0.0	0	2.64
19575	1	1	1.06	1	2.64
19600	7	7	0.991	1	2.64
19625	9	0	1.85	0	2.64
19650	4	4	0.337	1	2.64
19675	6	4	0.803	0	2.64
19700	2	4	0.448	0	2.64
19725	8	9	0.451	0	2.64
19750	3	6	0.554	0	2.64
19775	8	8	0.488	1	2.64
19800	5	5	1.32	1	2.64
19825	5	6	0.524	0	2.64
19850	7	7	0.624	1	2.64
19875	3	5	0.717	0	2.64
19900	5	6	0.875	0	2.64
19925	5	3	0.582	0	2.64
19950	2	-1	0.0	0	2.64
19975	8	8	0.613	1	2.64
20000	8	8	0.743	1	2.64
20025	6	1	0.302	0	2.64
20050	3	-1	0.0	0	2.64
20075	5	-1	0.0	0	2.64
20100	8	8	0.769	1	2.64
20125	2	-1	0.0	0	2.64
20150	8	8	1.62	1	2.64
20175	7	3	0.468	0	2.64
20200	5	-1	0.0	0	2.64
20225	6	-1	0.0	0	2.64
20250	9	9	0.706	1	2.64
20275	0	0	3.02	1	2.64
20300	8	8	2.02	1	2.64
20325	4	4	0.589	1	2.64
20350	8	8	2.0	1	2.64
20375	8	8	0.0231	1	2.64
20400	8	1	0.114	0	2.64
20425	3	-1	0.0	0	2.64
20450	4	4	0.876	1	2.64
20475	1	1	0.332	1	2.64
20500	8	8	0.601	1	2.64
20525	3	-1	0.0	0	2.64
20550	7	3	0.317	0	2.64
20575	4	-1	0.0	0	2.64
20600	9	1	0.155	0	2.64
20625	3	3	0.573	1	2.64
20650	8	8	0.214	1	2.64
20675	9	9	0.367	1	2.64
20700	2	-1	0.0	0	2.64
20725	1	-1	0.0	0	2.64
20750	1	6	0.647	0	2.64
20775	6	6	0.447	1	2.64
20800	6	6	1.92	1	2.64
20825	9	9	0.357	1	2.64
20850	2	-1	0.0	0	2.65
20875	8	1	0.857	0	2.65
20900	7	4	0.102	0	2.64
20925	9	9	2.07	1	2.64
20950	6	4	0.297	0	2.64
20975	6	2	0.234	0	2.64
21000	0	8	0.121	0	2.64
21025	7	7	0.386	1	2.64
21050	8	8	0.487	1	2.64
21075	5	3	0.171	0	2.64
21100	7	5	0.499	0	2.64
21125	6	6	0.0942	1	2.64
21150	1	-1	0.0	0	2.64
21175	8	8	1.81	1	2.64
21200	6	6	0.00984	1	2.64
21225	7	4	0.42	0	2.64
21250	3	-1	0.0	0	2.64
21275	0	-1	0.0	0	2.64
21300	9	1	1.12	0	2.64
21325	5	-1	0.0	0	2.64
21350	9	9	0.682	1	2.64
21375	9	9	1.81	1	2.64
21400	3	-1	0.0	0	2.64
21425	4	-1	0.0	0	2.65
21450	5	-1	0.0	0	2.64
21475	6	6	0.864	1	2.64
21500	2	2	2.14	1	2.64
21525	4	-1	0.0	0	2.64
21550	2	2	0.0661	1	2.64
21575	9	9	1.29	1	2.64
21600	9	9	0.427	1	2.64
21625	3	-1	0.0	0	2.64
21650	2	2	0.622	1	2.64
21675	1	1	1.8	1	2.64
21700	9	9	0.857	1	2.64
21725	2	2	0.045	1	2.64
21750	2	3	0.552	0	2.64
21775	9	9	0.772	1	2.64
21800	6	-1	0.0	0	2.64
21825	0	0	0.627	1	2.64
21850	1	-1	0.0	0	2.64
21875	7	-1	0.0	0	2.64
21900	2	-1	0.0	0	2.64
21925	2	9	1.21	0	2.64
21950	4	6	0.678	0	2.64
21975	0	8	0.653	0	2.64
22000	8	8	0.649	1	2.64
22025	3	3	0.581	1	2.64
22050	4	9	0.198	0	2.64
22075	9	-1	0.0	0	2.64
22100	6	-1	0.0	0	2.64
22125	3	-1	0.0	0	2.64
22150	9	9	0.649	1	2.64
22175	1	1	1.24	1	2.64
22200	0	0	0.714	1	2.64
22225	5	5	0.1	1	2.64
22250	2	2	1.5	1	2.64
22275	2	7	0.193	0	2.64
22300	8	-1	0.0	0	2.64
22325	7	-1	0.0	0	2.64
22350	0	0	1.11	1	2.64
22375	2	5	0.264	0	2.64
22400	8	8	0.871	1	2.64
22425	3	-1	0.0	0	2.64
22450	1	1	0.128	1	2.64
22475	9	9	1.54	1	2.64
22500	1	-1	0.0	0	2.64
22525	6	-1	0.0	0	2.64
22550	6	6	0.245	1	2.64
22575	4	-1	0.0	0	2.64
22600	8	-1	0.0	0	2.64
22625	7	7	1.01	1	2.64
22650	5	5	0.48	1	2.64
22675	1	9	0.933	0	2.64
22700	3	-1	0.0	0	2.64
22725	7	7	0.375	1	2.64
22750	4	-1	0.0	0	2.64
22775	5	5	2.3	1	2.64
22800	0	0	2.1	1	2.64
22825	4	-1	0.0	0	2.64
22850	3	-1	0.0	0	2.64
22875	0	-1	0.0	0	2.64
22900	1	-1	0.0	0	2.64
22925	9	9	1.01	1	2.64
22950	9	-1	0.0	0	2.64
22975	1	1	1.67	1	2.64
23000	7	-1	0.0	0	2.64
23025	6	6	0.227	1	2.64
23050	6	3	0.642	0	2.64
23075	9	-1	0.0	0	2.64
23100	1	2	0.228	0	2.64
23125	8	8	1.98	1	2.64
23150	5	5	0.0411	1	2.64
23175	0	-1	0.0	0	2.64
23200	4	-1	0.0	0	2.64
23225	9	9	1.63	1	2.64
23250	3	-1	0.0	0	2.64
23275	1	1	0.501	1	2.64
23300	1	1	0.124	1	2.64
23325	9	9	2.24	1	2.64
23350	4	-1	0.0	0	2.64
23375	6	2	0.486	0	2.64
23400	9	9	2.12	1	2.64
23425	1	1	0.699	1	2.64
23450	2	6	0.483	0	2.64
23475	3	-1	0.0	0	2.64
23500	1	8	1.17	0	2.64
23525	4	9	0.0598	0	2.64
23550	9	-1	0.0	0	2.64
23575	9	1	0.406	0	2.64
23600	7	7	1.11	1	2.64
23625	8	1	0.00734	0	2.64
23650	2	-1	0.0	0	2.64
23675	7	7	1.6	1	2.64
23700	3	6	0.381	0	2.64
23725	8	8	0.92	1	2.64
23750	7	-1	0.0	0	2.64
23775	2	-1	0.0	0	2.64
23800	5	-1	0.0	0	2.64
23825	0	8	0.3	0	2.64
23850	1	1	1.12	1	2.64
23875	9	1	0.6	0	2.64
23900	1	1	0.204	1	2.64
23925	7	9	0.257	0	2.64
23950	2	3	0.931	0	2.64
23975	9	9	1.48	1	2.64
24000	6	6	0.595	1	2.64
24025	7	5	0.623	0	2.64
24050	7	4	1.11	0	2.64
24075	1	1	0.746	1	2.64
24100	3	-1	0.0	0	2.64
24125	9	1	0.0419	0	2.64
24150	8	8	1.36	1	2.64
24175	9	9	1.81	1	2.64
24200	1	1	1.28	1	2.64
24225	6	6	0.658	1	2.64
24250	4	-1	0.0	0	2.64
24275	6	6	1.12	1	2.64
24300	0	0	0.685	1	2.64
24325	0	0	2.96	1	2.64
24350	8	8	0.453	1	2.64
24375	1	6	0.112	0	2.64
24400	1	1	1.49	1	2.64
24425	1	1	2.99	1	2.64
24450	1	1	0.493	1	2.64
24475	6	6	0.92	1	2.64
24500	2	-1	0.0	0	2.64
24525	4	-1	0.0	0	2.64
24550	9	9	1.1	1	2.64
24575	5	5	0.229	1	2.64
24600	0	0	1.62	1	2.64
24625	1	1	0.421	1	2.64
24650	5	-1	0.0	0	2.64
24675	7	-1	0.0	0	2.64
24700	0	0	0.0483	1	2.64
24725	1	1	1.67	1	2.64
24750	0	-1	0.0	0	2.64
24775	3	3	0.707	1	2.64
24800	6	-1	0.0	0	2.64
24825	8	1	1.27	0	2.64
24850	7	3	1.89	0	2.64
24875	5	5	0.115	1	2.64
24900	4	-1	0.0	0	2.64
24925	4	6	0.063	0	2.64
24950	6	6	0.819	1	2.64
24975	1	8	0.486	0	2.64
25000	6	6	1.03	1	2.64
25025	6	6	0.436	1	2.64
25050	1	9	0.474	0	2.64
25075	5	-1	0.0	0	2.64
25100	1	1	1.51	1	2.64
25125	2	-1	0.0	0	2.64
25150	1	1	1.14	1	2.64
25175	2	-1	0.0	0	2.64
25200	2	-1	0.0	0	2.64
25225	8	8	1.05	1	2.64
25250	4	-1	0.0	0	2.64
25275	0	1	0.869	0	2.64
25300	1	1	1.63	1	2.64
25325	9	-1	0.0	0	2.64
25350	0	-1	0.0	0	2.64
25375	9	9	1.07	1	2.64
25400	2	6	0.336	0	2.64
25425	5	5	1.37	1	2.64
25450	8	8	0.597	1	2.64
25475	6	6	1.45	1	2.64
25500	6	-1	0.0	0	2.64
25525	4	-1	0.0	0	2.64
25550	5	-1	0.0	0	2.64
25575	7	-1	0.0	0	2.64
25600	1	1	0.826	1	2.64
25625	1	1	0.305	1	2.64
25650	2	-1	0.0	0	2.64
25675	4	4	1.05	1	2.64
25700	1	1	1.31	1	2.64
25725	8	-1	0.0	0	2.64
25750	1	-1	0.0	0	2.64
25775	5	5	0.0279	1	2.64
25800	9	9	0.477	1	2.64
25825	3	6	0.0267	0	2.64
25850	6	6	0.153	1	2.64
25875	5	-1	0.0	0	2.64
25900	6	-1	0.0	0	2.64
25925	5	-1	0.0	0	2.64
25950	3	-1	0.0	0	2.64
25975	1	1	0.924	1	2.64
26000	0	-1	0.0	0	2.64
26025	6	7	0.429	0	2.64
26050	9	9	2.4	1	2.64
26075	6	6	0.46	1	2.64
26100	4	4	0.0482	1	2.64
26125	5	-1	0.0	0	2.64
26150	9	9	1.1	1	2.64
26175	2	6	0.996	0	2.64
26200	0	0	1.56	1	2.64
26225	8	8	1.12	1	2.64
26250	8	8	1.49	1	2.64
26275	6	6	0.483	1	2.64
26300	0	8	0.641	0	2.64
26325	5	-1	0.0	0	2.64
26350	1	9	0.496	0	2.64
26375	1	1	0.853	1	2.64
26400	2	-1	0.0	0	2.64
26425	2	-1	0.0	0	2.64
26450	1	1	2.15	1	2.64
26475	4	4	1.18	1	2.64
26500	2	-1	0.0	0	2.64
26525	3	-1	0.0	0	2.65
26550	1	-1	0.0	0	2.65
26575	3	-1	0.0	0	2.64
26600	9	-1	0.0	0	2.64
26625	9	9	0.421	1	2.64
26650	9	9	0.245	1	2.64
26675	3	3	0.332	1	2.64
26700	5	-1	0.0	0	2.64
26725	6	6	0.246	1	2.64
26750	2	-1	0.0	0	2.64
26775	5	-1	0.0	0	2.64
26800	6	6	0.0457	1	2.64
26825	9	9	1.03	1	2.64
26850	4	4	1.02	1	2.64
26875	9	9	2.25	1	2.64
26900	3	6	0.633	0	2.64
26925	8	8	0.875	1	2.64
26950	1	1	1.02	1	2.64
26975	4	7	0.549	0	2.64
27000	0	0	0.951	1	2.64
27025	9	9	1.91	1	2.64
27050	4	4	1.21	1	2.64
27075	0	-1	0.0	0	2.64
27100	4	-1	0.0	0	2.64
27125	5	5	2.55	1	2.64
27150	5	5	0.0983	1	2.64
27175	0	0	1.61	1	2.64
27200	1	-1	0.0	0	2.64
27225	5	5	0.0676	1	2.64
27250	3	6	0.891	0	2.64
27275	3	-1	0.0	0	2.64
27300	5	-1	0.0	0	2.64
27325	2	-1	0.0	0	2.64
27350	9	-1	0.0	0	2.64
27375	0	0	0.561	1	2.64
27400	7	7	0.682	1	2.64
27425	0	0	1.48	1	2.64
27450	6	-1	0.0	0	2.64
27475	3	5	0.258	0	2.64
27500	4	-1	0.0	0	2.64
27525	3	-1	0.0	0	2.64
27550	8	8	0.472	1	2.64
27575	9	9	1.02	1	2.64
27600	7	-1	0.0	0	2.64
27625	1	-1	0.0	0	2.64
27650	1	-1	0.0	0	2.64
27675	9	-1	0.0	0	2.64
27700	1	1	2.48	1	2.64
27725	4	4	0.694	1	2.64
27750	2	2	0.141	1	2.64
27775	7	7	1.93	1	2.64
27800	2	6	1.07	0	2.64
27825	2	2	0.601	1	2.64
27850	0	-1	0.0	0	2.64
27875	4	-1	0.0	0	2.64
27900	9	9	0.729	1	2.64
27925	5	2	0.327	0	2.64
27950	5	-1	0.0	0	2.64
27975	9	5	0.643	0	2.64
28000	0	0	0.175	1	2.64
28025	0	0	1.54	1	2.64
28050	3	-1	0.0	0	2.64
28075	3	-1	0.0	0	2.64
28100	4	2	0.926	0	2.64
28125	8	8	0.679	1	2.64
28150	7	7	2.03	1	2.64
28175	1	9	0.56	0	2.64
28200	4	0	0.00182	0	2.64
28225	2	6	1.3	0	2.64
28250	4	4	0.417	1	2.64
28275	6	-1	0.0	0	2.64
28300	0	0	2.86	1	2.64
28325	6	6	1.08	1	2.64
28350	5	3	0.211	0	2.64
28375	4	-1	0.0	0	2.64
28400	0	9	1.1	0	2.64
28425	5	2	0.63	0	2.64
28450	8	8	1.39	1	2.64
28475	5	6	0.754	0	2.64
28500	4	-1	0.0	0	2.64
28525	0	4	0.0336	0	2.64
28550	5	3	0.31	0	2.64
28575	5	-1	0.0	0	2.64
28600	4	4	0.677	1	2.64
28625	0	-1	0.0	0	2.64
28650	0	0	0.879	1	2.64
28675	0	-1	0.0	0	2.64
28700	3	-1	0.0	0	2.64
28725	3	-1	0.0	0	2.64
28750	0	0	3.6	1	2.64
28775	8	8	0.359	1	2.64
28800	8	1	0.147	0	2.64
28825	5	-1	0.0	0	2.64
28850	9	9	0.798	1	2.64
28875	4	4	0.537	1	2.64
28900	5	5	1.88	1	2.64
28925	6	4	0.111	0	2.64
28950	8	-1	0.0	0	2.64
28975	1	1	0.853	1	2.64
29000	9	9	1.13	1	2.64
29025	9	-1	0.0	0	2.64
29050	3	3	0.814	1	2.64
29075	8	8	1.06	1	2.64
29100	4	-1	0.0	0	2.64
29125	4	6	0.804	0	2.64
29150	2	2	0.136	1	2.64
29175	8	8	0.987	1	2.64
29200	3	3	0.0539	1	2.64
29225	0	0	0.554	1	2.64
29250	4	9	0.387	0	2.64
29275	1	1	2.11	1	2.64
29300	2	-1	0.0	0	2.64
29325	1	1	1.51	1	2.64
29350	7	-1	0.0	0	2.64
29375	6	6	1.57	1	2.66
29400	0	0	0.314	1	2.64
29425	5	5	1.07	1	2.64
29450	5	5	0.217	1	2.64
29475	8	8	1.24	1	2.64
29500	8	8	2.78	1	2.64
29525	4	4	0.878	1	2.64
29550	6	-1	0.0	0	2.64
29575	5	5	1.63	1	2.64
29600	8	1	0.861	0	2.64
29625	2	-1	0.0	0	2.64
29650	2	2	0.442	1	2.64
29675	1	9	0.143	0	2.64
29700	9	9	0.661	1	2.64
29725	8	8	1.01	1	2.64
29750	9	1	0.915	0	2.64
29775	5	3	0.0919	0	2.64
29800	7	5	0.385	0	2.64
29825	9	9	0.422	1	2.64
29850	8	8	0.387	1	2.64
29875	1	-1	0.0	0	2.64
29900	7	7	1.25	1	2.64
29925	2	4	0.0441	0	2.64
29950	3	-1	0.0	0	2.64
29975	7	7	3.56	1	2.64
30000	0	8	0.441	0	2.64
30025	2	2	1.01	1	2.64
30050	1	-1	0.0	0	2.64
30075	7	5	1.47	0	2.64
30100	6	-1	0.0	0	2.64
30125	4	-1	0.0	0	2.64
30150	7	7	1.28	1	2.64
30175	9	9	1.03	1	2.64
30200	0	6	0.399	0	2.64
30225	4	4	0.905	1	2.64
30250	4	-1	0.0	0	2.64
30275	5	8	0.459	0	2.64
30300	4	6	0.109	0	2.64
30325	2	2	0.0365	1	2.64
30350	6	6	0.382	1	2.64
30375	5	-1	0.0	0	2.64
30400	0	8	0.257	0	2.64
30425	4	-1	0.0	0	2.64
30450	4	-1	0.0	0	2.64
30475	2	2	1.17	1	2.64
30500	5	-1	0.0	0	2.64
30525	9	9	0.632	1	2.64
30550	8	-1	0.0	0	2.64
30575	0	0	0.0101	1	2.64
30600	4	6	0.218	0	2.64
30625	6	6	1.57	1	2.64
30650	1	1	0.928	1	2.64
30675	9	1	0.771	0	2.64
30700	2	4	0.304	0	2.64
30725	4	-1	0.0	0	2.64
30750	1	-1	0.0	0	2.64
30775	9	9	1.06	1	2.64
30800	6	6	0.41	1	2.64
30825	7	7	1.09	1	2.64
30850	9	-1	0.0	0	2.64
30875	4	-1	0.0	0	2.64
30900	4	-1	0.0	0	2.64
30925	7	7	0.653	1	2.64
30950	4	-1	0.0	0	2.64
30975	3	-1	0.0	0	2.64
31000	0	0	0.887	1	2.64
31025	6	6	0.0174	1	2.64
31050	3	3	1.47	1	2.64
31075	4	-1	0.0	0	2.64
31100	1	1	1.62	1	2.64
31125	8	8	0.479	1	2.64
31150	3	-1	0.0	0	2.64
31175	6	6	1.95	1	2.64
31200	5	-1	0.0	0	2.64
31225	5	-1	0.0	0	2.64
31250	8	8	1.7	1	2.64
31275	2	2	0.543	1	2.64
31300	1	1	1.01	1	2.64
31325	6	5	0.287	0	2.64
31350	7	7	0.644	1	2.64
31375	2	2	0.657	1	2.64
31400	3	3	0.27	1	2.64
31425	8	8	2.66	1	2.64
31450	0	0	0.667	1	2.64
31475	2	-1	0.0	0	2.64
31500	6	-1	0.0	0	2.64
31525	5	5	1.48	1	2.64
31550	2	4	0.173	0	2.64
31575	6	6	0.832	1	2.64
31600	0	6	0.243	0	2.64
31625	8	0	0.0682	0	2.66
31650	5	-1	0.0	0	2.65
31675	8	-1	0.0	0	2.64
31700	0	0	0.0909	1	2.65
31725	8	5	0.21	0	2.64
31750	4	9	0.643	0	2.64
31775	4	2	0.468	0	2.64
31800	7	7	1.1	1	2.65
31825	3	3	0.726	1	2.64
31850	2	-1	0.0	0	2.65
31875	5	-1	0.0	0	2.65
31900	3	6	1.06	0	2.64
31925	1	8	0.177	0	2.65
31950	8	8	1.32	1	2.65
31975	3	9	0.687	0	2.64
32000	7	-1	0.0	0	2.64
32025	0	-1	0.0	0	2.64
32050	4	-1	0.0	0	2.65
32075	3	3	0.798	1	2.65
32100	4	-1	0.0	0	2.64
32125	6	-1	0.0	0	2.65
32150	7	7	1.53	1	2.64
32175	9	9	0.849	1	2.65
32200	8	8	0.0371	1	2.65
32225	4	4	0.00641	1	2.65
32250	3	-1	0.0	0	2.65
32275	8	-1	0.0	0	2.65
32300	4	4	0.0318	1	2.65
32325	3	-1	0.0	0	2.64
32350	3	6	0.737	0	2.65
32375	2	-1	0.0	0	2.64
32400	3	3	0.6	1	2.64
32425	5	5	1.13	1	2.65
32450	4	7	0.681	0	2.65
32475	8	8	0.7	1	2.65
32500	6	2	0.0833	0	2.64
32525	4	-1	0.0	0	2.64
32550	9	9	0.123	1	2.65
32575	9	9	0.994	1	2.64
32600	9	-1	0.0	0	2.65
32625	5	-1	0.0	0	2.65
32650	4	-1	0.0	0	2.64
32675	6	6	0.36	1	2.65
32700	7	7	1.58	1	2.65
32725	3	9	0.231	0	2.65
32750	7	-1	0.0	0	2.65
32775	0	-1	0.0	0	2.65
32800	8	1	0.437	0	2.64
32825	3	6	0.618	0	2.64
32850	2	-1	0.0	0	2.64
32875	7	7	0.028	1	2.64
32900	5	5	0.568	1	2.64
32925	9	9	0.519	1	2.65
32950	5	5	2.0	1	2.65
32975	6	-1	0.0	0	2.65
33000	0	0	1.85	1	2.64
33025	9	9	0.719	1	2.64
33050	1	1	1.64	1	2.65
33075	9	9	2.25	1	2.64
33100	3	2	0.154	0	2.64
33125	5	-1	0.0	0	2.64
33150	7	-1	0.0	0	2.65
33175	2	2	0.269	1	2.64
33200	9	9	0.332	1	2.64
33225	8	8	2.05	1	2.64
33250	1	9	0.871	0	2.65
33275	3	5	0.19	0	2.64
33300	2	2	0.377	1	2.64
33325	0	0	0.142	1	2.65
33350	2	-1	0.0	0	2.64
33375	3	-1	0.0	0	2.64
33400	6	8	0.382	0	2.64
33425	6	6	1.87	1	2.64
33450	7	-1	0.0	0	2.64
33475	7	-1	0.0	0	2.64
33500	8	8	1.52	1	2.64
33525	3	9	0.265	0	2.64
33550	2	0	2.22	0	2.64
33575	2	0	0.357	0	2.64
33600	3	3	0.22	1	2.64
33625	1	1	0.069	1	2.64
33650	1	-1	0.0	0	2.64
33675	4	-1	0.0	0	2.64
33700	0	0	1.76	1	2.64
33725	4	-1	0.0	0	2.64
33750	0	0	0.0397	1	2.65
33775	7	-1	0.0	0	2.65
33800	5	-1	0.0	0	2.64
33825	7	-1	0.0	0	2.64
33850	7	3	0.00999	0	2.65
33875	5	5	1.89	1	2.64
33900	9	9	1.36	1	2.65
33925	3	3	0.967	1	2.65
33950	0	-1	0.0	0	2.64
33975	0	-1	0.0	0	2.65
34000	3	-1	0.0	0	2.64
34025	7	7	1.37	1	2.64
34050	2	2	0.432	1	2.64
34075	6	-1	0.0	0	2.65
34100	8	8	1.45	1	2.65
34125	0	0	1.3	1	2.65
34150	0	0	2.78	1	2.65
34175	9	9	0.979	1	2.64
34200	2	-1	0.0	0	2.64
34225	3	-1	0.0	0	2.64
34250	0	0	0.697	1	2.64
34275	7	7	0.162	1	2.65
34300	1	1	1.36	1	2.64
34325	2	6	0.131	0	2.64
34350	4	4	0.918	1	2.64
34375	1	0	0.407	0	2.65
34400	1	9	0.791	0	2.64
34425	4	0	1.43	0	2.64
34450	4	4	0.829	1	2.64
34475	9	-1	0.0	0	2.64
34500	0	0	0.686	1	2.64
34525	9	9	1.41	1	2.64
34550	6	-1	0.0	0	2.64
34575	4	-1	0.0	0	2.64
34600	2	2	0.761	1	2.64
34625	9	-1	0.0	0	2.64
34650	3	3	0.14	1	2.64
34675	1	1	1.26	1	2.64
34700	1	-1	0.0	0	2.64
34725	6	-1	0.0	0	2.64
34750	0	0	0.664	1	2.64
34775	6	6	0.437	1	2.64
34800	9	9	0.204	1	2.64
34825	8	8	1.44	1	2.65
34850	1	9	0.771	0	2.64
34875	6	6	0.551	1	2.64
34900	7	7	1.47	1	2.64
34925	2	4	0.53	0	2.64
34950	4	-1	0.0	0	2.64
34975	9	-1	0.0	0	2.65
35000	5	-1	0.0	0	2.64
35025	7	-1	0.0	0	2.64
35050	4	6	0.125	0	2.65
35075	2	2	0.441	1	2.64
35100	3	8	0.163	0	2.64
35125	5	5	0.733	1	2.64
35150	8	8	0.285	1	2.64
35175	4	4	0.713	1	2.64
35200	5	-1	0.0	0	2.64
35225	6	-1	0.0	0	2.64
35250	4	6	0.947	0	2.64
35275	7	7	0.477	1	2.64
35300	8	8	1.99	1	2.64
35325	0	1	0.794	0	2.64
35350	2	4	0.796	0	2.64
35375	3	-1	0.0	0	2.64
35400	7	-1	0.0	0	2.64
35425	8	-1	0.0	0	2.64
35450	4	-1	0.0	0	2.64
35475	0	0	1.44	1	2.65
35500	3	5	1.05	0	2.64
35525	3	-1	0.0	0	2.64
35550	1	2	0.0808	0	2.64
35575	2	-1	0.0	0	2.64
35600	6	-1	0.0	0	2.64
35625	9	9	0.258	1	2.64
35650	7	7	0.974	1	2.64
35675	4	6	0.0372	0	2.64
35700	0	1	0.0381	0	2.64
35725	0	-1	0.0	0	2.64
35750	0	-1	0.0	0	2.65
35775	5	-1	0.0	0	2.65
35800	2	0	1.34	0	2.64
35825	8	8	2.89	1	2.64
35850	1	1	0.385	1	2.64
35875	3	5	0.0514	0	2.64
35900	6	6	0.813	1	2.64
35925	4	-1	0.0	0	2.65
35950	6	-1	0.0	0	2.64
35975	7	7	1.53	1	2.64
36000	3	6	0.719	0	2.64
36025	2	-1	0.0	0	2.64
36050	9	9	1.59	1	2.64
36075	5	5	0.922	1	2.64
36100	0	0	3.07	1	2.64
36125	2	-1	0.0	0	2.64
36150	5	-1	0.0	0	2.64
36175	0	0	2.63	1	2.64
36200	8	-1	0.0	0	2.64
36225	4	4	0.188	1	2.64
36250	9	9	0.757	1	2.64
36275	3	3	0.684	1	2.64
36300	2	2	0.996	1	2.64
36325	0	0	1.1	1	2.64
36350	5	-1	0.0	0	2.64
36375	8	3	0.581	0	2.64
36400	1	1	1.83	1	2.64
36425	3	3	0.0521	1	2.64
36450	2	-1	0.0	0	2.65
36475	9	9	0.663	1	2.64
36500	1	1	0.292	1	2.65
36525	6	-1	0.0	0	2.64
36550	1	1	0.0668	1	2.64
36575	4	-1	0.0	0	2.65
36600	4	-1	0.0	0	2.65
36625	6	4	0.835	0	2.64
36650	8	-1	0.0	0	2.65
36675	2	-1	0.0	0	2.64
36700	2	-1	0.0	0	2.64
36725	3	6	0.0531	0	2.65
36750	0	0	0.273	1	2.65
36775	7	7	0.263	1	2.65
36800	3	8	0.141	0	2.64
36825	2	5	1.26	0	2.64
36850	1	1	1.33	1	2.64
36875	9	-1	0.0	0	2.64
36900	3	-1	0.0	0	2.64
36925	0	9	0.402	0	2.64
36950	1	8	0.541	0	2.65
36975	1	8	0.539	0	2.64
37000	7	-1	0.0	0	2.65
37025	4	-1	0.0	0	2.65
37050	9	-1	0.0	0	2.64
37075	4	2	0.0407	0	2.65
37100	7	-1	0.0	0	2.64
37125	5	2	0.118	0	2.64
37150	7	7	0.845	1	2.65
37175	3	3	0.333	1	2.65
37200	7	7	2.26	1	2.64
37225	9	9	0.886	1	2.64
37250	0	-1	0.0	0	2.64
37275	6	-1	0.0	0	2.65
37300	3	-1	0.0	0	2.65
37325	0	0	0.628	1	2.65
37350	3	8	0.849	0	2.64
37375	5	5	1.68	1	2.64
37400	9	9	1.02	1	2.65
37425	3	-1	0.0	0	2.64
37450	4	4	0.153	1	2.64
37475	3	-1	0.0	0	2.64
37500	3	6	0.972	0	2.65
37525	7	-1	0.0	0	2.64
37550	8	8	2.18	1	2.64
37575	9	8	0.163	0	2.64
37600	9	9	1.18	1	2.64
37625	6	-1	0.0	0	2.64
37650	1	1	1.97	1	2.64
37675	3	4	0.915	0	2.64
37700	3	9	0.755	0	2.65
37725	6	-1	0.0	0	2.64
37750	5	5	0.474	1	2.65
37775	4	-1	0.0	0	2.64
37800	7	7	0.512	1	2.64
37825	6	6	0.0161	1	2.65
37850	4	4	0.119	1	2.65
37875	4	4	0.372	1	2.64
37900	5	-1	0.0	0	2.64
37925	2	2	0.0338	1	2.65
37950	0	-1	0.0	0	2.64
37975	9	6	0.0679	0	2.64
38000	0	0	1.09	1	2.64
38025	7	-1	0.0	0	2.65
38050	6	5	0.51	0	2.64
38075	1	-1	0.0	0	2.64
38100	3	-1	0.0	0	2.64
38125	6	-1	0.0	0	2.65
38150	2	-1	0.0	0	2.65
38175	1	-1	0.0	0	2.64
38200	3	3	0.211	1	2.64
38225	7	-1	0.0	0	2.65
38250	6	-1	0.0	0	2.65
38275	3	3	1.52	1	2.64
38300	9	1	0.465	0	2.65
38325	7	7	2.01	1	2.65
38350	4	4	1.57	1	2.64
38375	4	4	1.95	1	2.64
38400	3	3	0.659	1	2.64
38425	7	8	0.484	0	2.65
38450	6	6	0.936	1	2.65
38475	6	-1	0.0	0	2.65
38500	7	7	1.91	1	2.65
38525	8	8	2.5	1	2.65
38550	7	7	0.263	1	2.65
38575	7	7	2.32	1	2.64
38600	5	-1	0.0	0	2.64
38625	8	8	1.74	1	2.64
38650	1	9	0.153	0	2.65
38675	0	0	0.839	1	2.64
38700	8	8	1.02	1	2.64
38725	1	1	0.382	1	2.64
38750	2	3	0.219	0	2.64
38775	5	-1	0.0	0	2.64
38800	8	8	0.668	1	2.64
38825	3	-1	0.0	0	2.64
38850	8	8	1.27	1	2.65
38875	7	7	0.266	1	2.64
38900	0	0	0.282	1	2.65
38925	8	8	1.21	1	2.65
38950	1	3	0.199	0	2.64
38975	5	5	1.45	1	2.65
39000	6	6	0.837	1	2.65
39025	9	-1	0.0	0	2.65
39050	9	0	1.41	0	2.65
39075	8	8	1.03	1	2.65
39100	3	-1	0.0	0	2.65
39125	4	0	0.425	0	2.64
39150	3	3	1.21	1	2.65
39175	3	-1	0.0	0	2.64
39200	6	-1	0.0	0	2.64
39225	5	-1	0.0	0	2.65
39250	1	1	0.316	1	2.65
39275	1	-1	0.0	0	2.65
39300	3	-1	0.0	0	2.65
39325	3	-1	0.0	0	2.65
39350	8	8	1.19	1	2.65
39375	3	5	0.0713	0	2.64
39400	7	7	0.359	1	2.64
39425	7	-1	0.0	0	2.64
39450	9	1	0.0721	0	2.65
39475	5	-1	0.0	0	2.64
39500	3	-1	0.0	0	2.64
39525	5	5	0.296	1	2.64
39550	2	2	0.00235	1	2.65
39575	3	6	0.566	0	2.64
39600	9	1	0.177	0	2.65
39625	9	9	0.221	1	2.64
39650	0	8	0.604	0	2.64
39675	2	2	0.272	1	2.64
39700	7	7	0.867	1	2.64
39725	0	-1	0.0	0	2.64
39750	7	5	0.215	0	2.64
39775	9	9	0.884	1	2.64
39800	1	8	0.623	0	2.64
39825	1	9	1.11	0	2.64
39850	3	3	0.546	1	2.64
39875	0	0	0.71	1	2.64
39900	6	-1	0.0	0	2.64
39925	2	2	0.642	1	2.64
39950	3	-1	0.0	0	2.64
39975	5	-1	0.0	0	2.64
40000	1	1	1.31	1	2.64
40025	7	7	1.05	1	2.64
40050	9	9	1.51	1	2.64
40075	1	1	1.61	1	2.64
40100	9	9	1.61	1	2.64
40125	0	0	1.05	1	2.64
40150	0	0	0.211	1	2.64
40175	8	1	0.145	0	2.64
40200	6	-1	0.0	0	2.64
40225	2	4	0.298	0	2.64
40250	1	1	0.4	1	2.65
40275	0	0	1.11	1	2.64
40300	7	7	0.229	1	2.64
40325	7	7	1.45	1	2.64
40350	9	-1	0.0	0	2.64
40375	4	8	0.12	0	2.64
40400	3	3	0.443	1	2.64
40425	6	-1	0.0	0	2.64
40450	9	9	0.0446	1	2.64
40475	1	6	0.0623	0	2.64
40500	8	8	1.77	1	2.64
40525	0	8	0.891	0	2.64
40550	4	4	0.268	1	2.64
40575	8	5	0.98	0	2.64
40600	5	5	0.396	1	2.64
40625	2	2	0.446	1	2.64
40650	4	8	0.217	0	2.65
40675	6	6	0.502	1	2.64
40700	8	8	1.79	1	2.64
40725	6	4	0.0172	0	2.64
40750	9	-1	0.0	0	2.64
40775	3	6	0.392	0	2.64
40800	5	7	0.67	0	2.64
40825	9	9	2.16	1	2.64
40850	6	-1	0.0	0	2.64
40875	9	9	0.498	1	2.64
40900	2	3	0.0985	0	2.64
40925	8	8	1.54	1	2.64
40950	3	3	1.27	1	2.64
40975	2	5	0.087	0	2.64
41000	7	7	0.0507	1	2.64
41025	5	5	1.92	1	2.64
41050	7	7	1.37	1	2.64
41075	1	1	1.26	1	2.64
41100	4	-1	0.0	0	2.64
41125	2	-1	0.0	0	2.64
41150	7	-1	0.0	0	2.64
41175	5	6	1.07	0	2.64
41200	0	0	2.16	1	2.64
41225	8	8	0.771	1	2.64
41250	8	1	0.183	0	2.64
41275	6	6	0.0695	1	2.64
41300	0	-1	0.0	0	2.65
41325	2	0	0.123	0	2.64
41350	6	6	1.53	1	2.64
41375	8	8	1.76	1	2.64
41400	5	5	0.0158	1	2.65
41425	5	5	1.78	1	2.64
41450	8	8	1.08	1	2.64
41475	5	5	1.62	1	2.64
41500	4	4	1.01	1	2.64
41525	1	1	1.39	1	2.64
41550	1	4	0.91	0	2.64
41575	7	7	0.263	1	2.64
41600	0	0	0.614	1	2.64
41625	4	4	0.777	1	2.64
41650	6	5	0.00771	0	2.64
41675	4	-1	0.0	0	2.64
41700	7	7	1.7	1	2.64
41725	3	5	2.19	0	2.64
41750	4	-1	0.0	0	2.64
41775	2	-1	0.0	0	2.64
41800	0	0	0.237	1	2.64
41825	4	4	1.31	1	2.64
41850	7	3	0.0116	0	2.64
41875	5	6	0.207	0	2.64
41900	0	0	2.4	1	2.64
41925	2	6	0.165	0	2.64
41950	8	8	0.11	1	2.64
41975	0	8	0.000669	0	2.65
42000	9	9	1.54	1	2.64
42025	9	0	0.912	0	2.64
42050	8	8	1.89	1	2.64
42075	7	7	1.51	1	2.64
42100	5	-1	0.0	0	2.64
42125	7	-1	0.0	0	2.64
42150	1	1	1.72	1	2.64
42175	0	8	0.697	0	2.64
42200	2	-1	0.0	0	2.64
42225	4	4	0.247	1	2.64
42250	6	6	0.505	1	2.64
42275	8	0	1.47	0	2.64
42300	8	9	0.758	0	2.64
42325	8	8	0.992	1	2.64
42350	4	6	1.04	0	2.64
42375	4	6	0.0716	0	2.64
42400	0	0	2.09	1	2.64
42425	1	1	0.147	1	2.65
42450	2	2	0.484	1	2.64
42475	1	-1	0.0	0	2.64
42500	7	-1	0.0	0	2.64
42525	6	6	0.712	1	2.64
42550	7	7	0.557	1	2.64
42575	4	6	0.139	0	2.64
42600	2	2	1.07	1	2.65
42625	1	1	0.628	1	2.64
42650	3	3	1.29	1	2.65
42675	4	4	0.494	1	2.64
42700	4	4	1.7	1	2.64
42725	4	-1	0.0	0	2.64
42750	4	4	0.554	1	2.64
42775	2	-1	0.0	0	2.64
42800	3	6	0.341	0	2.64
42825	3	5	1.35	0	2.64
42850	6	6	0.0496	1	2.64
42875	9	-1	0.0	0	2.65
42900	9	9	0.247	1	2.64
42925	1	1	1.61	1	2.64
42950	5	-1	0.0	0	2.64
42975	6	-1	0.0	0	2.64
43000	5	5	0.159	1	2.64
43025	5	3	0.0894	0	2.64
43050	1	1	0.696	1	2.64
43075	5	-1	0.0	0	2.64
43100	8	0	0.33	0	2.64
43125	0	8	0.168	0	2.64
43150	7	-1	0.0	0	2.64
43175	8	8	0.254	1	2.64
43200	9	1	0.141	0	2.64
43225	5	-1	0.0	0	2.64
43250	6	-1	0.0	0	2.64
43275	5	-1	0.0	0	2.64
43300	2	5	0.809	0	2.64
43325	9	-1	0.0	0	2.64
43350	8	8	0.697	1	2.65
43375	0	-1	0.0	0	2.65
43400	8	8	1.64	1	2.64
43425	5	-1	0.0	0	2.64
43450	2	-1	0.0	0	2.64
43475	0	0	2.02	1	2.64
43500	3	5	0.353	0	2.64
43525	0	0	1.25	1	2.64
43550	4	-1	0.0	0	2.64
43575	4	4	0.41	1	2.64
43600	1	-1	0.0	0	2.64
43625	7	7	3.58	1	2.64
43650	4	-1	0.0	0	2.64
43675	8	8	0.344	1	2.65
43700	0	4	0.606	0	2.64
43725	8	8	2.32	1	2.64
43750	0	8	0.469	0	2.65
43775	0	0	1.93	1	2.65
43800	3	-1	0.0	0	2.64
43825	1	1	0.725	1	2.64
43850	3	-1	0.0	0	2.65
43875	0	6	0.168	0	2.65
43900	9	9	1.45	1	2.64
43925	4	-1	0.0	0	2.64
43950	4	4	0.47	1	2.64
43975	4	4	0.138	1	2.64
44000	7	7	0.638	1	2.65
44025	7	7	1.48	1	2.65
44050	9	8	0.0647	0	2.64
44075	2	-1	0.0	0	2.64
44100	8	-1	0.0	0	2.64
44125	4	-1	0.0	0	2.64
44150	5	-1	0.0	0	2.64
44175	0	0	1.16	1	2.64
44200	4	-1	0.0	0	2.64
44225	1	-1	0.0	0	2.64
44250	6	6	0.455	1	2.65
44275	0	0	0.066	1	2.64
44300	5	5	0.642	1	2.64
44325	5	-1	0.0	0	2.64
44350	0	0	1.66	1	2.64
44375	8	8	1.52	1	2.64
44400	4	-1	0.0	0	2.65
44425	1	1	0.453	1	2.64
44450	4	4	1.93	1	2.64
44475	1	6	0.426	0	2.64
44500	0	-1	0.0	0	2.64
44525	4	4	0.102	1	2.65
44550	3	-1	0.0	0	2.64
44575	1	1	0.918	1	2.64
44600	6	-1	0.0	0	2.64
44625	1	1	0.739	1	2.64
44650	6	6	0.765	1	2.64
44675	6	6	0.121	1	2.64
44700	5	5	1.61	1	2.64
44725	1	1	0.849	1	2.65
44750	4	-1	0.0	0	2.64
44775	9	9	0.318	1	2.64
44800	3	-1	0.0	0	2.64
44825	6	6	0.146	1	2.64
44850	4	-1	0.0	0	2.64
44875	0	9	0.469	0	2.64
44900	4	4	1.01	1	2.64
44925	0	0	0.34	1	2.64
44950	3	3	0.543	1	2.64
44975	0	0	0.33	1	2.64
45000	7	7	1.03	1	2.64
45025	8	8	1.6	1	2.64
45050	2	6	0.416	0	2.64
45075	3	3	0.425	1	2.64
45100	4	8	0.0132	0	2.64
45125	5	5	1.32	1	2.65
45150	7	3	0.536	0	2.64
45175	3	5	0.0441	0	2.64
45200	2	-1	0.0	0	2.64
45225	6	-1	0.0	0	2.64
45250	3	-1	0.0	0	2.64
45275	3	5	1.16	0	2.64
45300	6	-1	0.0	0	2.64
45325	8	8	0.602	1	2.64
45350	6	6	0.516	1	2.64
45375	8	-1	0.0	0	2.64
45400	4	-1	0.0	0	2.64
45425	1	1	0.649	1	2.64
45450	5	5	1.09	1	2.65
45475	1	1	0.591	1	2.65
45500	1	-1	0.0	0	2.65
45525	0	0	0.0342	1	2.65
45550	2	2	1.13	1	2.64
45575	6	6	0.317	1	2.64
45600	1	-1	0.0	0	2.65
45625	3	3	0.29	1	2.64
45650	8	8	1.42	1	2.64
45675	1	1	0.0273	1	2.64
45700	3	-1	0.0	0	2.65
45725	7	7	1.29	1	2.65
45750	6	-1	0.0	0	2.64
45775	4	8	0.883	0	2.65
45800	0	0	0.355	1	2.65
45825	9	9	0.218	1	2.64
45850	3	-1	0.0	0	2.64
45875	2	-1	0.0	0	2.65
45900	6	-1	0.0	0	2.65
45925	6	5	0.912	0	2.64
45950	7	7	2.94	1	2.64
45975	9	9	1.48	1	2.64
46000	2	-1	0.0	0	2.64
46025	7	5	0.106	0	2.64
46050	6	6	0.485	1	2.65
46075	6	6	3.01	1	2.64
46100	8	8	0.131	1	2.64
46125	2	-1	0.0	0	2.64
46150	4	4	0.308	1	2.65
46175	8	8	0.839	1	2.65
46200	0	-1	0.0	0	2.64
46225	9	9	0.779	1	2.64
46250	4	6	0.487	0	2.65
46275	5	5	1.89	1	2.64
46300	7	-1	0.0	0	2.64
46325	3	-1	0.0	0	2.64
46350	5	-1	0.0	0	2.64
46375	9	9	2.21	1	2.65
46400	7	-1	0.0	0	2.65
46425	3	-1	0.0	0	2.65
46450	2	4	0.254	0	2.64
46475	2	-1	0.0	0	2.64
46500	3	3	0.446	1	2.64
46525	5	5	0.9	1	2.64
46550	6	6	0.0966	1	2.64
46575	2	2	0.31	1	2.65
46600	6	-1	0.0	0	2.65
46625	0	-1	0.0	0	2.65
46650	4	5	0.955	0	2.64
46675	8	8	0.339	1	2.64
46700	5	5	1.78	1	2.65
46725	0	0	0.729	1	2.65
46750	0	4	0.151	0	2.65
46775	9	9	1.71	1	2.65
46800	2	6	0.0802	0	2.65
46825	3	-1	0.0	0	2.65
46850	6	6	0.581	1	2.65
46875	7	7	1.05	1	2.64
46900	1	-1	0.0	0	2.65
46925	5	1	1.04	0	2.65
46950	3	-1	0.0	0	2.65
46975	8	-1	0.0	0	2.65
47000	8	8	1.78	1	2.64
47025	9	9	0.358	1	2.65
47050	0	-1	0.0	0	2.65
47075	3	8	0.134	0	2.65
47100	3	-1	0.0	0	2.65
47125	7	7	1.99	1	2.65
47150	6	6	0.0514	1	2.64
47175	9	9	0.76	1	2.64
47200	2	-1	0.0	0	2.64
47225	5	3	1.51	0	2.64
47250	3	6	0.1	0	2.64
47275	7	-1	0.0	0	2.64
47300	4	4	0.496	1	2.65
47325	7	0	0.268	0	2.65
47350	8	8	1.37	1	2.64
47375	0	0	1.77	1	2.64
47400	8	8	1.85	1	2.64
47425	4	4	0.603	1	2.65
47450	2	4	0.423	0	2.65
47475	3	5	0.697	0	2.64
47500	2	4	0.489	0	2.64
47525	0	-1	0.0	0	2.65
47550	0	0	1.18	1	2.65
47575	7	7	0.0973	1	2.65
47600	6	6	0.442	1	2.64
47625	5	-1	0.0	0	2.64
47650	6	6	0.0659	1	2.64
47675	2	3	0.0401	0	2.65
47700	9	9	0.37	1	2.64
47725	5	2	0.229	0	2.65
47750	2	5	0.132	0	2.64
47775	3	1	0.0647	0	2.65
47800	2	2	0.395	1	2.64
47825	8	-1	0.0	0	2.65
47850	2	4	0.234	0	2.65
47875	9	9	0.515	1	2.64
47900	1	1	1.96	1	2.64
47925	0	-1	0.0	0	2.65
47950	3	9	0.863	0	2.65
47975	4	6	0.172	0	2.64
48000	1	5	0.0997	0	2.65
48025	2	8	0.743	0	2.64
48050	5	5	0.331	1	2.65
48075	1	-1	0.0	0	2.65
48100	0	0	0.993	1	2.65
48125	8	8	2.63	1	2.64
48150	9	8	0.0218	0	2.65
48175	8	1	0.114	0	2.64
48200	3	6	0.989	0	2.64
48225	8	8	0.256	1	2.64
48250	2	-1	0.0	0	2.64
48275	1	1	2.32	1	2.65
48300	2	-1	0.0	0	2.64
48325	6	6	0.596	1	2.64
48350	0	-1	0.0	0	2.64
48375	1	1	1.92	1	2.64
48400	6	-1	0.0	0	2.64
48425	4	-1	0.0	0	2.64
48450	9	-1	0.0	0	2.65
48475	8	8	1.81	1	2.64
48500	8	8	2.13	1	2.64
48525	6	6	0.441	1	2.65
48550	8	-1	0.0	0	2.65
48575	6	6	0.12	1	2.65
48600	6	6	0.997	1	2.65
48625	5	5	0.373	1	2.64
48650	6	-1	0.0	0	2.64
48675	1	1	1.29	1	2.65
48700	8	8	1.55	1	2.65
48725	8	8	1.81	1	2.65
48750	5	-1	0.0	0	2.64
48775	5	5	0.976	1	2.64
48800	2	-1	0.0	0	2.65
48825	4	-1	0.0	0	2.65
48850	0	0	0.854	1	2.64
48875	4	-1	0.0	0	2.65
48900	5	6	0.317	0	2.64
48925	6	6	0.856	1	2.65
48950	4	4	1.22	1	2.65
48975	1	1	0.146	1	2.65
49000	8	8	0.674	1	2.64
49025	8	8	0.651	1	2.65
49050	0	-1	0.0	0	2.65
49075	1	-1	0.0	0	2.65
49100	0	8	1.31	0	2.65
49125	9	9	1.25	1	2.64
49150	1	1	1.24	1	2.65
49175	7	7	0.791	1	2.65
49200	6	6	1.06	1	2.65
49225	1	1	0.559	1	2.65
49250	8	8	1.23	1	2.65
49275	2	2	0.396	1	2.65
49300	9	-1	0.0	0	2.65
49325	3	3	0.308	1	2.65
49350	7	-1	0.0	0	2.65
49375	0	1	0.329	0	2.65
49400	8	8	0.853	1	2.65
49425	9	-1	0.0	0	2.65
49450	2	4	0.251	0	2.65
49475	4	-1	0.0	0	2.65
49500	3	-1	0.0	0	2.65
49525	0	0	2.88	1	2.65
49550	6	5	1.68	0	2.65
49575	4	4	0.142	1	2.65
49600	3	5	0.568	0	2.64
49625	8	8	2.19	1	2.65
49650	7	0	0.0165	0	2.65
49675	5	-1	0.0	0	2.65
49700	2	2	0.175	1	2.65
49725	2	0	0.595	0	2.65
49750	9	8	0.295	0	2.65
49775	3	-1	0.0	0	2.65
49800	2	2	1.46	1	2.65
49825	3	-1	0.0	0	2.64
49850	7	7	1.93	1	2.64
49875	1	1	0.775	1	2.65
49900	3	3	0.0351	1	2.64
49925	7	-1	0.0	0	2.65
49950	4	4	0.262	1	2.65
49975	3	-1	0.0	0	2.65
