idx	label	predict	radius	correct	time
0	6	6	0.19	1	2.61
25	6	6	0.123	1	2.56
50	9	4	0.0662	0	2.55
75	1	-1	0.0	0	2.55
100	8	8	0.497	1	2.56
125	6	6	0.47	1	2.56
150	3	-1	0.0	0	2.55
175	4	4	1.17	1	2.56
200	6	6	0.0439	1	2.57
225	9	9	0.978	1	2.57
250	1	1	0.46	1	2.58
275	1	1	1.57	1	2.58
300	2	-1	0.0	0	2.58
325	1	1	0.554	1	2.58
350	6	4	0.0596	0	2.58
375	1	1	0.186	1	2.59
400	2	2	0.556	1	2.59
425	2	-1	0.0	0	2.59
450	5	3	0.586	0	2.6
475	8	8	0.828	1	2.6
500	5	5	0.518	1	2.6
525	6	6	0.781	1	2.6
550	3	3	0.849	1	2.6
575	7	7	0.568	1	2.61
600	0	0	0.401	1	2.61
625	6	6	1.42	1	2.61
650	0	0	1.12	1	2.61
675	5	5	1.16	1	2.61
700	0	0	0.176	1	2.61
725	4	2	0.154	0	2.65
750	5	5	0.337	1	2.66
775	2	5	0.358	0	2.68
800	2	2	0.664	1	2.67
825	7	7	1.96	1	2.65
850	3	-1	0.0	0	2.68
875	5	5	0.122	1	2.76
900	9	9	0.21	1	2.73
925	4	4	1.31	1	2.67
950	9	9	0.148	1	2.66
975	2	2	0.224	1	2.65
1000	9	9	0.518	1	2.67
1025	3	-1	0.0	0	2.79
1050	2	2	0.245	1	2.87
1075	9	9	0.191	1	2.78
1100	3	-1	0.0	0	2.76
1125	7	7	0.684	1	2.73
1150	3	3	0.0438	1	2.77
1175	6	6	1.45	1	2.75
1200	7	7	0.889	1	2.75
1225	4	-1	0.0	0	2.77
1250	8	8	0.561	1	2.74
1275	7	7	0.925	1	2.68
1300	8	8	1.63	1	2.8
1325	8	-1	0.0	0	2.81
1350	4	-1	0.0	0	2.79
1375	8	8	1.84	1	2.78
1400	0	0	1.52	1	2.8
1425	4	6	0.658	0	2.77
1450	4	4	0.613	1	2.78
1475	2	1	0.549	0	2.8
1500	2	2	0.0194	1	2.79
1525	5	6	0.51	0	2.78
1550	6	6	0.8	1	2.82
1575	4	4	0.397	1	2.81
1600	5	5	0.3	1	2.79
1625	3	2	0.241	0	2.82
1650	7	7	0.757	1	2.81
1675	2	-1	0.0	0	2.8
1700	3	3	0.374	1	2.8
1725	9	9	1.46	1	2.83
1750	5	5	1.47	1	2.82
1775	8	-1	0.0	0	2.83
1800	2	2	1.43	1	2.82
1825	7	7	1.08	1	2.82
1850	2	-1	0.0	0	2.83
1875	5	-1	0.0	0	2.82
1900	7	7	1.14	1	2.83
1925	4	4	1.0	1	2.85
1950	0	0	0.0315	1	2.84
1975	9	9	1.73	1	2.86
2000	7	7	0.0214	1	2.84
2025	3	3	0.121	1	2.85
2050	6	6	0.212	1	2.84
2075	7	7	0.483	1	2.84
2100	6	6	1.76	1	2.86
2125	5	-1	0.0	0	2.86
2150	6	6	0.466	1	2.85
2175	4	5	0.149	0	2.87
2200	1	1	0.179	1	2.84
2225	4	4	0.333	1	2.87
2250	1	1	1.07	1	2.87
2275	7	7	0.0225	1	2.86
2300	4	4	0.104	1	2.85
2325	8	8	0.965	1	2.87
2350	0	-1	0.0	0	2.86
2375	3	-1	0.0	0	2.87
2400	6	6	0.67	1	2.87
2425	3	3	0.226	1	2.85
2450	4	-1	0.0	0	2.88
2475	6	6	0.0958	1	2.87
2500	5	2	0.207	0	2.88
2525	3	4	0.0536	0	2.88
2550	2	8	0.486	0	2.89
2575	2	2	0.132	1	2.89
2600	1	1	0.311	1	2.89
2625	6	2	0.149	0	2.9
2650	6	6	0.129	1	2.87
2675	0	0	0.36	1	2.88
2700	7	-1	0.0	0	2.88
2725	4	4	0.516	1	2.88
2750	7	-1	0.0	0	2.9
2775	1	1	1.96	1	2.9
2800	1	9	0.191	0	2.88
2825	1	1	0.927	1	2.89
2850	5	5	0.057	1	2.88
2875	2	2	0.202	1	2.89
2900	4	4	0.543	1	2.91
2925	6	-1	0.0	0	2.89
2950	0	-1	0.0	0	2.91
2975	2	2	0.952	1	2.9
3000	3	-1	0.0	0	2.9
3025	1	1	0.936	1	2.9
3050	7	7	0.677	1	2.88
3075	9	9	1.35	1	2.91
3100	3	-1	0.0	0	2.91
3125	3	-1	0.0	0	2.91
3150	7	7	0.274	1	2.92
3175	9	9	0.975	1	2.91
3200	6	6	0.473	1	2.89
3225	4	4	0.608	1	2.92
3250	8	8	0.485	1	2.89
3275	7	7	0.779	1	2.9
3300	4	4	0.595	1	2.9
3325	2	-1	0.0	0	2.91
3350	8	8	0.802	1	2.92
3375	0	-1	0.0	0	2.91
3400	7	7	1.44	1	2.92
3425	8	8	1.05	1	2.92
3450	7	7	1.01	1	2.92
3475	3	3	1.21	1	2.91
3500	6	6	0.366	1	2.91
3525	6	6	0.304	1	2.93
3550	3	-1	0.0	0	2.9
3575	3	3	0.255	1	2.92
3600	9	9	0.399	1	2.92
3625	8	8	1.6	1	2.9
3650	3	3	0.509	1	2.91
3675	2	2	1.13	1	2.92
3700	9	9	0.51	1	2.93
3725	0	0	0.407	1	2.91
3750	4	4	0.851	1	2.92
3775	6	6	0.347	1	2.91
3800	8	8	0.58	1	2.93
3825	6	6	1.17	1	2.93
3850	9	9	0.579	1	2.93
3875	3	3	1.18	1	2.91
3900	0	-1	0.0	0	2.93
3925	4	4	0.0267	1	2.9
3950	8	8	0.535	1	2.91
3975	7	7	0.7	1	2.92
4000	5	5	1.13	1	2.93
4025	3	5	0.848	0	2.92
4050	1	9	0.438	0	2.91
4075	7	7	1.51	1	2.93
4100	1	1	1.41	1	2.91
4125	5	3	0.245	0	2.93
4150	9	9	0.364	1	2.92
4175	4	4	0.391	1	2.93
4200	1	1	1.6	1	2.92
4225	8	8	1.39	1	2.93
4250	1	1	0.613	1	2.92
4275	5	3	0.541	0	2.92
4300	8	8	1.96	1	2.93
4325	7	7	0.387	1	2.93
4350	3	3	0.225	1	2.92
4375	2	2	1.34	1	2.93
4400	4	4	0.693	1	2.92
4425	2	2	0.292	1	2.92
4450	6	6	0.742	1	2.92
4475	3	3	0.423	1	2.92
4500	1	1	1.1	1	2.92
4525	2	6	0.175	0	2.94
4550	6	-1	0.0	0	2.93
4575	8	8	1.65	1	2.91
4600	5	5	0.0674	1	2.92
4625	1	1	0.809	1	2.92
4650	7	7	0.825	1	2.9
4675	9	3	0.666	0	2.92
4700	2	2	1.34	1	2.91
4725	4	4	1.57	1	2.93
4750	4	4	0.91	1	2.93
4775	1	9	0.352	0	2.93
4800	8	8	1.2	1	2.92
4825	8	-1	0.0	0	2.93
4850	5	5	1.43	1	2.94
4875	6	6	1.2	1	2.91
4900	7	7	0.646	1	2.93
4925	0	0	0.753	1	2.93
4950	3	3	0.746	1	2.93
4975	8	8	1.17	1	2.94
5000	6	-1	0.0	0	2.91
5025	6	6	1.07	1	2.94
5050	0	-1	0.0	0	2.93
5075	4	2	0.181	0	2.91
5100	5	-1	0.0	0	2.91
5125	1	1	0.887	1	2.93
5150	2	-1	0.0	0	2.93
5175	5	3	0.0144	0	2.92
5200	7	-1	0.0	0	2.93
5225	4	6	0.244	0	2.94
5250	8	8	0.251	1	2.94
5275	9	9	0.591	1	2.92
5300	9	9	1.22	1	2.92
5325	7	4	0.185	0	2.93
5350	4	-1	0.0	0	2.94
5375	6	6	0.716	1	2.93
5400	3	-1	0.0	0	2.93
5425	3	5	0.391	0	2.94
5450	3	7	0.29	0	2.91
5475	3	3	0.251	1	2.92
5500	5	3	0.0572	0	2.94
5525	7	2	0.0883	0	2.93
5550	2	6	0.247	0	2.93
5575	2	2	0.612	1	2.93
5600	8	8	1.96	1	2.92
5625	4	4	0.382	1	2.91
5650	9	9	0.317	1	2.92
5675	8	8	0.673	1	2.93
5700	5	5	0.449	1	2.92
5725	3	3	0.195	1	2.93
5750	8	8	0.893	1	2.91
5775	0	0	1.49	1	2.95
5800	3	5	0.521	0	2.93
5825	2	2	0.408	1	2.92
5850	5	-1	0.0	0	2.94
5875	8	8	1.23	1	2.92
5900	6	6	0.259	1	2.94
5925	7	7	0.904	1	2.91
5950	4	2	0.549	0	2.94
5975	1	1	0.512	1	2.93
6000	6	-1	0.0	0	2.93
6025	6	-1	0.0	0	2.94
6050	8	8	0.124	1	2.92
6075	0	0	1.07	1	2.92
6100	5	-1	0.0	0	2.93
6125	6	6	0.624	1	2.92
6150	9	9	1.48	1	2.93
6175	4	4	0.307	1	2.93
6200	3	5	0.184	0	2.93
6225	8	8	0.259	1	2.92
6250	8	1	0.425	0	2.93
6275	9	9	1.61	1	2.94
6300	6	6	0.903	1	2.94
6325	1	1	0.914	1	2.94
6350	6	6	0.0785	1	2.92
6375	1	1	0.648	1	2.92
6400	0	0	1.24	1	2.92
6425	0	0	0.383	1	2.93
6450	4	2	0.0274	0	2.93
6475	4	4	1.04	1	2.93
6500	6	6	0.2	1	2.93
6525	9	9	1.47	1	2.94
6550	1	1	0.911	1	2.93
6575	5	-1	0.0	0	2.94
6600	7	7	1.14	1	2.92
6625	9	-1	0.0	0	2.93
6650	0	0	1.96	1	2.91
6675	5	5	0.866	1	2.93
6700	3	6	0.0234	0	2.94
6725	1	1	0.939	1	2.93
6750	6	6	0.2	1	2.94
6775	8	8	1.48	1	2.92
6800	7	7	1.04	1	2.94
6825	8	8	1.17	1	2.92
6850	7	-1	0.0	0	2.92
6875	4	7	0.444	0	2.93
6900	9	9	0.114	1	2.93
6925	6	6	1.1	1	2.96
6950	4	4	1.17	1	2.92
6975	8	8	1.1	1	2.94
7000	5	5	0.655	1	2.92
7025	6	6	0.72	1	2.92
7050	3	3	0.721	1	2.92
7075	3	3	0.309	1	2.93
7100	4	3	0.521	0	2.92
7125	3	3	1.05	1	2.93
7150	5	5	1.11	1	2.96
7175	6	6	0.38	1	2.92
7200	3	3	0.175	1	2.92
7225	0	0	0.217	1	2.93
7250	6	-1	0.0	0	2.95
7275	2	2	0.828	1	2.92
7300	1	1	0.435	1	2.93
7325	7	7	0.924	1	2.92
7350	1	1	0.694	1	2.92
7375	1	1	1.07	1	2.93
7400	7	7	1.65	1	2.91
7425	5	5	0.697	1	2.92
7450	7	7	0.599	1	2.95
7475	1	1	0.684	1	2.94
7500	3	3	0.386	1	2.94
7525	2	4	0.061	0	2.91
7550	0	0	0.484	1	2.92
7575	6	6	0.34	1	2.93
7600	1	1	0.173	1	2.92
7625	4	4	0.994	1	2.92
7650	6	6	0.0906	1	2.93
7675	6	6	0.105	1	2.94
7700	0	0	1.21	1	2.94
7725	7	7	0.764	1	2.92
7750	5	5	0.593	1	2.94
7775	4	2	0.0624	0	2.93
7800	7	7	1.64	1	2.95
7825	6	6	1.88	1	2.92
7850	2	2	0.0355	1	2.93
7875	1	1	0.951	1	2.93
7900	8	8	1.19	1	2.93
7925	0	0	1.21	1	2.92
7950	6	6	1.21	1	2.94
7975	6	-1	0.0	0	2.94
8000	3	-1	0.0	0	2.92
8025	2	2	1.08	1	2.92
8050	5	7	0.256	0	2.93
8075	9	9	0.697	1	2.93
8100	2	4	0.341	0	2.92
8125	9	9	1.27	1	2.94
8150	8	8	0.247	1	2.93
8175	1	1	0.517	1	2.93
8200	0	0	0.44	1	2.93
8225	1	1	0.256	1	2.91
8250	8	9	0.024	0	2.92
8275	2	2	0.79	1	2.93
8300	1	9	0.0105	0	2.95
8325	5	3	0.323	0	2.94
8350	1	1	0.486	1	2.92
8375	4	-1	0.0	0	2.93
8400	5	5	0.0462	1	2.92
8425	0	0	1.59	1	2.93
8450	1	1	1.61	1	2.93
8475	1	1	0.432	1	2.93
8500	5	5	1.4	1	2.93
8525	8	8	1.13	1	2.95
8550	1	9	0.448	0	2.93
8575	9	9	0.886	1	2.92
8600	1	1	1.34	1	2.94
8625	1	1	0.412	1	2.94
8650	9	1	0.399	0	2.93
8675	5	5	1.31	1	2.9
8700	8	8	0.0258	1	2.93
8725	9	9	0.493	1	2.92
8750	2	2	0.686	1	2.95
8775	8	8	1.33	1	2.9
8800	2	6	0.291	0	2.93
8825	1	1	0.887	1	2.93
8850	9	9	0.505	1	2.92
8875	1	-1	0.0	0	2.92
8900	1	1	1.05	1	2.93
8925	0	0	0.0727	1	2.95
8950	6	3	0.549	0	2.93
8975	9	9	0.607	1	2.93
9000	4	4	0.0852	1	2.93
9025	9	9	0.0196	1	2.92
9050	6	6	0.295	1	2.92
9075	7	-1	0.0	0	2.92
9100	3	3	0.523	1	2.92
9125	6	6	0.501	1	2.95
9150	2	-1	0.0	0	2.93
9175	2	2	0.326	1	2.93
9200	6	-1	0.0	0	2.93
9225	7	-1	0.0	0	2.92
9250	4	4	0.67	1	2.94
9275	6	6	1.14	1	2.93
9300	3	-1	0.0	0	2.92
9325	0	0	1.2	1	2.94
9350	2	0	0.0356	0	2.93
9375	0	-1	0.0	0	2.92
9400	1	1	0.0239	1	2.94
9425	9	-1	0.0	0	2.92
9450	5	2	0.52	0	2.94
9475	2	2	0.13	1	2.92
9500	4	-1	0.0	0	2.94
9525	0	0	1.23	1	2.95
9550	4	7	0.172	0	2.92
9575	6	6	0.847	1	2.95
9600	3	4	0.127	0	2.93
9625	6	6	0.872	1	2.93
9650	4	4	0.514	1	2.94
9675	8	-1	0.0	0	2.93
9700	3	3	0.321	1	2.91
9725	7	7	0.644	1	2.95
9750	4	4	0.691	1	2.94
9775	4	4	0.479	1	2.93
9800	0	8	0.00366	0	2.93
9825	9	9	0.202	1	2.92
9850	6	3	0.68	0	2.92
9875	5	3	0.518	0	2.95
9900	2	4	0.789	0	2.93
9925	0	0	0.785	1	2.91
9950	4	4	0.387	1	2.95
9975	8	8	0.74	1	2.94
10000	1	1	0.503	1	2.94
10025	6	3	0.243	0	2.93
10050	0	-1	0.0	0	2.92
10075	9	9	0.838	1	2.93
10100	1	1	0.994	1	2.95
10125	3	-1	0.0	0	2.91
10150	4	3	0.307	0	2.92
10175	5	5	1.38	1	2.93
10200	6	6	0.334	1	2.94
10225	7	7	0.553	1	2.92
10250	4	-1	0.0	0	2.94
10275	0	0	1.34	1	2.92
10300	4	-1	0.0	0	2.93
10325	1	1	1.5	1	2.92
10350	4	4	0.16	1	2.94
10375	9	9	0.852	1	2.96
10400	6	6	0.0678	1	2.92
10425	0	0	0.812	1	2.93
10450	1	1	0.703	1	2.95
10475	8	8	1.24	1	2.93
10500	4	4	0.592	1	2.95
10525	4	4	0.306	1	2.92
10550	6	6	0.862	1	2.93
10575	3	-1	0.0	0	2.94
10600	6	6	1.33	1	2.95
10625	8	8	0.0887	1	2.92
10650	0	0	0.871	1	2.93
10675	0	0	0.825	1	2.94
10700	2	2	0.124	1	2.93
10725	2	6	0.232	0	2.95
10750	2	-1	0.0	0	2.95
10775	8	8	0.394	1	2.9
10800	5	-1	0.0	0	2.92
10825	3	-1	0.0	0	2.92
10850	9	0	0.234	0	2.94
10875	4	-1	0.0	0	2.94
10900	4	4	0.474	1	2.93
10925	4	4	0.562	1	2.93
10950	4	4	0.237	1	2.94
10975	8	8	1.08	1	2.94
11000	1	1	1.53	1	2.91
11025	3	3	0.453	1	2.94
11050	2	-1	0.0	0	2.94
11075	1	1	0.316	1	2.94
11100	0	0	0.755	1	2.94
11125	4	6	0.017	0	2.94
11150	6	6	1.1	1	2.92
11175	2	2	1.05	1	2.95
11200	8	8	0.239	1	2.93
11225	9	-1	0.0	0	2.93
11250	4	4	0.452	1	2.93
11275	9	9	0.499	1	2.95
11300	7	7	0.285	1	2.93
11325	0	0	0.325	1	2.93
11350	7	7	0.974	1	2.93
11375	5	7	0.187	0	2.94
11400	0	0	0.268	1	2.93
11425	0	0	1.84	1	2.93
11450	5	7	0.129	0	2.94
11475	0	0	1.1	1	2.94
11500	2	-1	0.0	0	2.94
11525	5	3	0.312	0	2.94
11550	4	-1	0.0	0	2.92
11575	5	4	0.063	0	2.92
11600	5	5	0.0357	1	2.92
11625	3	5	0.099	0	2.93
11650	2	0	1.76	0	2.94
11675	6	3	0.0404	0	2.94
11700	9	9	1.2	1	2.94
11725	5	5	0.336	1	2.94
11750	1	1	0.295	1	2.93
11775	0	0	1.06	1	2.92
11800	6	6	0.554	1	2.93
11825	2	-1	0.0	0	2.93
11850	1	1	0.0514	1	2.93
11875	6	6	0.956	1	2.94
11900	8	-1	0.0	0	2.93
11925	4	4	0.46	1	2.95
11950	7	-1	0.0	0	2.95
11975	0	0	0.949	1	2.94
12000	6	6	0.0888	1	2.95
12025	1	1	1.29	1	2.92
12050	3	-1	0.0	0	2.94
12075	4	4	0.503	1	2.92
12100	1	1	1.23	1	2.92
12125	8	8	0.652	1	2.94
12150	1	1	0.541	1	2.94
12175	8	8	0.187	1	2.92
12200	2	-1	0.0	0	2.92
12225	3	-1	0.0	0	2.96
12250	2	2	0.584	1	2.94
12275	1	1	0.677	1	2.93
12300	5	4	0.303	0	2.93
12325	0	0	1.63	1	2.93
12350	1	1	1.5	1	2.94
12375	0	0	1.43	1	2.94
12400	8	8	1.86	1	2.92
12425	3	-1	0.0	0	2.96
12450	3	3	0.161	1	2.93
12475	3	-1	0.0	0	2.95
12500	3	-1	0.0	0	2.93
12525	6	6	1.15	1	2.91
12550	6	-1	0.0	0	2.94
12575	1	1	1.59	1	2.93
12600	8	-1	0.0	0	2.94
12625	7	7	0.364	1	2.94
12650	8	-1	0.0	0	2.92
12675	2	4	0.156	0	2.94
12700	9	9	1.02	1	2.94
12725	8	8	0.431	1	2.93
12750	3	5	1.07	0	2.94
12775	9	9	1.23	1	2.95
12800	1	1	0.599	1	2.93
12825	5	-1	0.0	0	2.93
12850	6	6	0.995	1	2.93
12875	1	-1	0.0	0	2.95
12900	7	7	0.382	1	2.95
12925	7	5	0.309	0	2.95
12950	9	9	0.382	1	2.94
12975	4	-1	0.0	0	2.94
13000	9	9	0.636	1	2.96
13025	4	4	0.607	1	2.93
13050	5	5	0.825	1	2.93
13075	2	0	0.318	0	2.95
13100	5	5	0.35	1	2.93
13125	9	9	1.05	1	2.92
13150	5	-1	0.0	0	2.93
13175	8	8	0.358	1	2.94
13200	7	7	0.838	1	2.94
13225	0	0	0.778	1	2.94
13250	2	6	0.402	0	2.92
13275	2	3	0.322	0	2.94
13300	2	2	0.785	1	2.93
13325	8	8	1.48	1	2.93
13350	8	8	1.96	1	2.93
13375	5	5	1.03	1	2.94
13400	0	-1	0.0	0	2.94
13425	8	8	1.37	1	2.94
13450	7	7	1.88	1	2.94
13475	9	9	1.15	1	2.94
13500	6	6	0.638	1	2.94
13525	7	7	1.64	1	2.93
13550	6	6	0.677	1	2.94
13575	0	8	0.345	0	2.92
13600	6	-1	0.0	0	2.94
13625	9	-1	0.0	0	2.94
13650	0	2	0.0536	0	2.93
13675	2	2	0.8	1	2.93
13700	3	3	0.303	1	2.95
13725	3	-1	0.0	0	2.92
13750	3	-1	0.0	0	2.93
13775	7	7	0.572	1	2.93
13800	0	0	0.88	1	2.95
13825	6	3	0.109	0	2.93
13850	0	0	1.08	1	2.93
13875	4	4	0.455	1	2.93
13900	7	7	0.754	1	2.93
13925	3	5	0.219	0	2.94
13950	7	-1	0.0	0	2.93
13975	7	-1	0.0	0	2.93
14000	4	2	0.295	0	2.94
14025	0	0	0.236	1	2.93
14050	7	7	0.198	1	2.95
14075	4	-1	0.0	0	2.93
14100	9	9	1.37	1	2.94
14125	3	3	0.265	1	2.95
14150	7	-1	0.0	0	2.92
14175	2	2	1.15	1	2.95
14200	6	6	0.112	1	2.95
14225	3	3	0.153	1	2.93
14250	9	-1	0.0	0	2.95
14275	0	-1	0.0	0	2.94
14300	1	1	0.484	1	2.93
14325	0	0	0.82	1	2.94
14350	0	0	0.538	1	2.93
14375	7	7	1.02	1	2.93
14400	7	7	0.775	1	2.92
14425	1	-1	0.0	0	2.93
14450	0	0	1.96	1	2.94
14475	9	2	0.0252	0	2.93
14500	2	2	0.021	1	2.95
14525	9	9	0.884	1	2.95
14550	0	0	0.748	1	2.95
14575	3	2	0.0666	0	2.94
14600	4	-1	0.0	0	2.92
14625	6	6	0.325	1	2.94
14650	5	5	0.27	1	2.95
14675	2	-1	0.0	0	2.94
14700	5	5	0.0279	1	2.92
14725	7	7	0.233	1	2.96
14750	5	5	0.638	1	2.93
14775	7	7	0.331	1	2.94
14800	3	5	0.671	0	2.93
14825	9	9	1.09	1	2.92
14850	5	5	0.476	1	2.95
14875	5	3	0.0019	0	2.93
14900	1	1	1.51	1	2.95
14925	4	4	0.311	1	2.92
14950	6	3	0.104	0	2.95
14975	5	5	0.324	1	2.93
15000	0	0	0.863	1	2.93
15025	8	8	0.983	1	2.93
15050	6	3	0.0224	0	2.94
15075	6	9	0.424	0	2.96
15100	1	1	0.846	1	2.93
15125	2	6	0.105	0	2.91
15150	9	9	1.08	1	2.94
15175	3	3	0.496	1	2.93
15200	2	4	0.241	0	2.93
15225	0	0	1.68	1	2.93
15250	8	8	1.41	1	2.92
15275	1	1	0.617	1	2.95
15300	3	3	0.947	1	2.94
15325	7	7	0.98	1	2.95
15350	9	9	1.66	1	2.94
15375	9	9	0.805	1	2.92
15400	7	7	0.781	1	2.94
15425	1	-1	0.0	0	2.96
15450	5	3	0.943	0	2.93
15475	5	5	0.149	1	2.93
15500	0	0	0.451	1	2.92
15525	4	4	1.84	1	2.95
15550	7	4	0.0584	0	2.94
15575	5	5	0.304	1	2.94
15600	6	6	0.718	1	2.91
15625	4	4	0.653	1	2.95
15650	6	2	0.429	0	2.94
15675	6	-1	0.0	0	2.95
15700	2	2	0.133	1	2.92
15725	9	9	0.243	1	2.94
15750	9	9	0.742	1	2.94
15775	5	-1	0.0	0	2.94
15800	6	6	0.233	1	2.93
15825	9	7	0.686	0	2.94
15850	7	-1	0.0	0	2.93
15875	6	6	0.0283	1	2.93
15900	0	0	1.2	1	2.93
15925	4	4	0.631	1	2.96
15950	1	6	0.251	0	2.93
15975	2	2	0.29	1	2.93
16000	7	7	0.423	1	2.93
16025	7	7	1.4	1	2.95
16050	2	2	0.218	1	2.91
16075	0	-1	0.0	0	2.94
16100	0	0	0.349	1	2.94
16125	8	8	0.386	1	2.93
16150	5	5	0.153	1	2.94
16175	7	7	0.394	1	2.92
16200	4	4	0.0551	1	2.93
16225	0	8	0.783	0	2.93
16250	1	1	0.73	1	2.94
16275	1	1	1.69	1	2.92
16300	7	7	1.91	1	2.94
16325	1	1	0.918	1	2.96
16350	7	7	1.57	1	2.92
16375	0	-1	0.0	0	2.94
16400	1	1	0.727	1	2.93
16425	8	8	1.01	1	2.93
16450	0	0	0.864	1	2.94
16475	6	-1	0.0	0	2.95
16500	6	-1	0.0	0	2.93
16525	4	6	0.902	0	2.92
16550	7	3	0.416	0	2.93
16575	1	1	1.32	1	2.93
16600	7	7	0.115	1	2.91
16625	0	0	0.879	1	2.95
16650	8	8	0.904	1	2.94
16675	6	2	0.152	0	2.94
16700	8	8	0.172	1	2.92
16725	9	9	1.66	1	2.93
16750	7	7	0.177	1	2.92
16775	8	8	0.361	1	2.94
16800	1	1	0.616	1	2.95
16825	0	0	1.66	1	2.93
16850	1	1	1.91	1	2.93
16875	2	7	0.19	0	2.94
16900	2	-1	0.0	0	2.93
16925	1	1	0.448	1	2.93
16950	3	6	0.0339	0	2.94
16975	9	9	0.0526	1	2.93
17000	6	6	0.573	1	2.92
17025	6	2	0.169	0	2.94
17050	7	7	0.457	1	2.94
17075	6	6	0.675	1	2.94
17100	0	0	0.522	1	2.94
17125	8	8	1.83	1	2.95
17150	4	4	0.223	1	2.96
17175	5	0	0.582	0	2.91
17200	0	0	0.182	1	2.91
17225	8	-1	0.0	0	2.94
17250	8	-1	0.0	0	2.94
17275	1	1	0.0455	1	2.91
17300	3	-1	0.0	0	2.94
17325	2	2	0.102	1	2.94
17350	4	4	0.0271	1	2.94
17375	5	-1	0.0	0	2.94
17400	5	4	0.511	0	2.94
17425	5	5	0.342	1	2.93
17450	4	4	1.14	1	2.94
17475	1	1	1.0	1	2.95
17500	4	-1	0.0	0	2.93
17525	0	0	0.23	1	2.95
17550	4	4	0.343	1	2.93
17575	7	7	1.75	1	2.94
17600	9	9	0.154	1	2.93
17625	8	8	1.12	1	2.92
17650	3	4	0.19	0	2.94
17675	6	-1	0.0	0	2.94
17700	1	9	0.452	0	2.92
17725	4	4	0.292	1	2.93
17750	1	1	1.63	1	2.95
17775	7	-1	0.0	0	2.93
17800	4	4	0.452	1	2.91
17825	5	-1	0.0	0	2.95
17850	2	2	0.487	1	2.92
17875	9	9	0.91	1	2.93
17900	2	5	0.105	0	2.93
17925	6	6	0.965	1	2.94
17950	1	1	0.873	1	2.91
17975	9	9	0.409	1	2.92
18000	9	9	1.62	1	2.94
18025	6	-1	0.0	0	2.93
18050	6	6	1.28	1	2.94
18075	2	-1	0.0	0	2.93
18100	0	0	0.331	1	2.93
18125	8	8	0.246	1	2.93
18150	5	5	0.0164	1	2.92
18175	9	9	0.919	1	2.95
18200	0	0	0.561	1	2.93
18225	2	2	0.929	1	2.95
18250	6	6	0.702	1	2.94
18275	2	2	0.617	1	2.93
18300	4	4	0.325	1	2.94
18325	6	5	0.0193	0	2.92
18350	7	7	0.857	1	2.95
18375	2	6	0.092	0	2.94
18400	3	3	0.72	1	2.94
18425	1	1	0.716	1	2.92
18450	4	4	0.0615	1	2.93
18475	5	4	0.635	0	2.94
18500	7	7	1.68	1	2.93
18525	0	0	1.51	1	2.92
18550	4	4	0.00364	1	2.95
18575	5	2	0.0574	0	2.92
18600	5	5	0.972	1	2.94
18625	1	-1	0.0	0	2.95
18650	2	4	0.47	0	2.94
18675	8	8	0.922	1	2.93
18700	8	8	1.34	1	2.96
18725	8	8	0.282	1	2.93
18750	9	-1	0.0	0	2.95
18775	7	7	1.05	1	2.93
18800	9	9	0.78	1	2.94
18825	1	1	0.224	1	2.92
18850	9	9	0.426	1	2.93
18875	4	4	0.754	1	2.93
18900	0	0	0.037	1	2.93
18925	0	0	0.314	1	2.93
18950	8	8	0.616	1	2.93
18975	7	3	0.0695	0	2.94
19000	6	6	0.706	1	2.93
19025	3	5	0.92	0	2.91
19050	9	9	1.04	1	2.94
19075	3	7	0.103	0	2.93
19100	9	9	0.434	1	2.94
19125	1	1	1.17	1	2.92
19150	5	3	0.593	0	2.94
19175	8	-1	0.0	0	2.93
19200	7	7	1.84	1	2.94
19225	2	2	1.23	1	2.93
19250	7	7	0.417	1	2.94
19275	6	6	0.862	1	2.93
19300	7	7	1.27	1	2.93
19325	7	7	0.616	1	2.93
19350	5	3	0.0499	0	2.94
19375	3	3	0.308	1	2.9
19400	4	4	1.04	1	2.94
19425	2	2	0.899	1	2.92
19450	1	1	1.2	1	2.94
19475	4	4	0.253	1	2.96
19500	1	-1	0.0	0	2.95
19525	9	9	0.536	1	2.93
19550	1	1	0.154	1	2.95
19575	1	1	0.951	1	2.93
19600	7	7	1.46	1	2.94
19625	9	0	0.431	0	2.92
19650	4	4	0.574	1	2.93
19675	6	4	0.374	0	2.94
19700	2	4	0.623	0	2.94
19725	8	9	0.458	0	2.92
19750	3	-1	0.0	0	2.96
19775	8	8	0.994	1	2.93
19800	5	5	0.456	1	2.94
19825	5	6	0.15	0	2.94
19850	7	7	1.11	1	2.93
19875	3	3	0.338	1	2.92
19900	5	6	0.344	0	2.91
19925	5	5	0.856	1	2.94
19950	2	-1	0.0	0	2.93
19975	8	8	1.26	1	2.93
20000	8	8	0.402	1	2.96
20025	6	1	0.344	0	2.95
20050	3	3	0.0832	1	2.93
20075	5	5	0.0501	1	2.94
20100	8	8	0.115	1	2.92
20125	2	2	0.217	1	2.93
20150	8	8	1.02	1	2.93
20175	7	-1	0.0	0	2.94
20200	5	5	0.635	1	2.93
20225	6	6	0.0151	1	2.92
20250	9	9	0.917	1	2.92
20275	0	0	1.62	1	2.95
20300	8	8	0.725	1	2.93
20325	4	-1	0.0	0	2.94
20350	8	8	1.57	1	2.94
20375	8	-1	0.0	0	2.93
20400	8	8	0.834	1	2.94
20425	3	3	0.00472	1	2.94
20450	4	4	0.616	1	2.93
20475	1	1	0.65	1	2.92
20500	8	8	0.692	1	2.92
20525	3	-1	0.0	0	2.94
20550	7	9	0.203	0	2.93
20575	4	-1	0.0	0	2.94
20600	9	9	0.253	1	2.95
20625	3	3	0.405	1	2.93
20650	8	8	0.611	1	2.94
20675	9	9	0.75	1	2.93
20700	2	2	0.00636	1	2.93
20725	1	1	0.00862	1	2.94
20750	1	6	0.276	0	2.94
20775	6	6	0.133	1	2.94
20800	6	6	1.06	1	2.92
20825	9	9	0.643	1	2.93
20850	2	-1	0.0	0	2.94
20875	8	0	0.101	0	2.94
20900	7	7	0.318	1	2.93
20925	9	9	1.32	1	2.92
20950	6	4	0.14	0	2.94
20975	6	2	0.521	0	2.95
21000	0	0	0.324	1	2.92
21025	7	7	0.896	1	2.95
21050	8	8	0.638	1	2.95
21075	5	2	0.0911	0	2.95
21100	7	7	0.453	1	2.96
21125	6	6	0.885	1	2.94
21150	1	1	0.191	1	2.93
21175	8	8	1.67	1	2.93
21200	6	6	0.401	1	2.94
21225	7	4	0.0394	0	2.95
21250	3	-1	0.0	0	2.93
21275	0	-1	0.0	0	2.92
21300	9	1	0.259	0	2.93
21325	5	-1	0.0	0	2.94
21350	9	9	1.09	1	2.95
21375	9	9	1.13	1	2.93
21400	3	-1	0.0	0	2.95
21425	4	-1	0.0	0	2.94
21450	5	5	0.505	1	2.95
21475	6	6	0.918	1	2.95
21500	2	2	1.68	1	2.95
21525	4	4	0.325	1	2.95
21550	2	2	0.775	1	2.93
21575	9	9	1.26	1	2.95
21600	9	9	1.42	1	2.9
21625	3	-1	0.0	0	2.94
21650	2	2	0.345	1	2.93
21675	1	1	1.28	1	2.93
21700	9	9	0.402	1	2.93
21725	2	2	0.528	1	2.94
21750	2	3	0.512	0	2.93
21775	9	9	0.518	1	2.93
21800	6	6	0.656	1	2.94
21825	0	0	0.571	1	2.91
21850	1	-1	0.0	0	2.93
21875	7	7	0.372	1	2.94
21900	2	2	0.487	1	2.95
21925	2	9	0.58	0	2.96
21950	4	6	0.066	0	2.93
21975	0	8	0.262	0	2.94
22000	8	8	1.32	1	2.92
22025	3	3	0.887	1	2.91
22050	4	-1	0.0	0	2.95
22075	9	9	0.641	1	2.94
22100	6	6	0.014	1	2.93
22125	3	-1	0.0	0	2.95
22150	9	9	0.676	1	2.94
22175	1	1	1.27	1	2.91
22200	0	0	1.36	1	2.93
22225	5	5	0.825	1	2.95
22250	2	2	1.59	1	2.92
22275	2	7	0.21	0	2.92
22300	8	8	0.134	1	2.94
22325	7	7	0.307	1	2.93
22350	0	0	1.18	1	2.94
22375	2	-1	0.0	0	2.94
22400	8	8	0.896	1	2.95
22425	3	3	0.209	1	2.92
22450	1	1	0.103	1	2.94
22475	9	9	1.08	1	2.93
22500	1	-1	0.0	0	2.92
22525	6	6	0.229	1	2.95
22550	6	6	0.192	1	2.93
22575	4	4	0.354	1	2.94
22600	8	-1	0.0	0	2.91
22625	7	7	1.86	1	2.94
22650	5	5	0.503	1	2.94
22675	1	9	0.296	0	2.94
22700	3	3	0.583	1	2.95
22725	7	7	0.963	1	2.94
22750	4	4	0.503	1	2.93
22775	5	5	0.995	1	2.94
22800	0	0	1.21	1	2.92
22825	4	-1	0.0	0	2.93
22850	3	3	0.16	1	2.93
22875	0	0	0.224	1	2.94
22900	1	1	0.336	1	2.93
22925	9	9	0.425	1	2.92
22950	9	-1	0.0	0	2.93
22975	1	1	1.57	1	2.94
23000	7	7	0.555	1	2.93
23025	6	6	0.123	1	2.94
23050	6	3	0.24	0	2.94
23075	9	9	0.116	1	2.94
23100	1	2	0.287	0	2.92
23125	8	8	1.72	1	2.94
23150	5	5	0.205	1	2.95
23175	0	-1	0.0	0	2.93
23200	4	3	0.67	0	2.92
23225	9	9	1.59	1	2.95
23250	3	6	0.151	0	2.94
23275	1	1	1.32	1	2.93
23300	1	1	0.445	1	2.94
23325	9	9	1.45	1	2.93
23350	4	-1	0.0	0	2.94
23375	6	2	0.173	0	2.95
23400	9	9	1.29	1	2.94
23425	1	1	0.95	1	2.93
23450	2	6	0.99	0	2.94
23475	3	-1	0.0	0	2.94
23500	1	8	0.478	0	2.92
23525	4	-1	0.0	0	2.94
23550	9	9	0.561	1	2.94
23575	9	9	0.368	1	2.93
23600	7	7	1.19	1	2.95
23625	8	-1	0.0	0	2.93
23650	2	2	0.309	1	2.94
23675	7	7	1.52	1	2.95
23700	3	6	0.469	0	2.94
23725	8	8	0.808	1	2.94
23750	7	0	0.0698	0	2.92
23775	2	0	1.02	0	2.93
23800	5	-1	0.0	0	2.94
23825	0	0	0.502	1	2.94
23850	1	1	0.326	1	2.93
23875	9	9	0.248	1	2.94
23900	1	1	0.668	1	2.91
23925	7	-1	0.0	0	2.93
23950	2	3	0.0646	0	2.95
23975	9	9	0.954	1	2.92
24000	6	6	1.18	1	2.93
24025	7	5	0.356	0	2.92
24050	7	4	0.465	0	2.94
24075	1	1	1.06	1	2.94
24100	3	-1	0.0	0	2.93
24125	9	1	0.391	0	2.94
24150	8	8	1.7	1	2.94
24175	9	9	1.24	1	2.93
24200	1	1	1.04	1	2.92
24225	6	6	0.864	1	2.94
24250	4	4	0.342	1	2.95
24275	6	6	0.261	1	2.92
24300	0	0	1.63	1	2.94
24325	0	0	1.96	1	2.95
24350	8	8	0.327	1	2.93
24375	1	1	0.791	1	2.92
24400	1	1	0.807	1	2.94
24425	1	1	1.88	1	2.92
24450	1	1	1.03	1	2.95
24475	6	6	0.671	1	2.93
24500	2	2	0.0953	1	2.93
24525	4	4	0.168	1	2.93
24550	9	9	1.07	1	2.94
24575	5	5	0.268	1	2.93
24600	0	0	1.03	1	2.94
24625	1	1	1.71	1	2.93
24650	5	3	0.698	0	2.93
24675	7	7	0.647	1	2.94
24700	0	0	0.61	1	2.94
24725	1	1	1.36	1	2.92
24750	0	9	0.274	0	2.95
24775	3	3	0.813	1	2.93
24800	6	6	0.617	1	2.93
24825	8	8	0.335	1	2.93
24850	7	3	0.466	0	2.93
24875	5	3	0.156	0	2.93
24900	4	4	0.371	1	2.93
24925	4	4	0.307	1	2.94
24950	6	6	1.18	1	2.93
24975	1	-1	0.0	0	2.94
25000	6	6	0.276	1	2.93
25025	6	6	0.593	1	2.93
25050	1	9	0.829	0	2.93
25075	5	-1	0.0	0	2.94
25100	1	1	0.939	1	2.93
25125	2	2	0.00342	1	2.95
25150	1	1	1.12	1	2.93
25175	2	2	0.215	1	2.94
25200	2	6	0.0186	0	2.92
25225	8	8	0.587	1	2.93
25250	4	4	0.309	1	2.93
25275	0	-1	0.0	0	2.93
25300	1	1	0.295	1	2.93
25325	9	0	0.0894	0	2.94
25350	0	3	0.304	0	2.93
25375	9	9	1.64	1	2.92
25400	2	6	0.236	0	2.96
25425	5	5	0.643	1	2.94
25450	8	8	0.486	1	2.93
25475	6	6	1.43	1	2.94
25500	6	-1	0.0	0	2.92
25525	4	4	0.194	1	2.93
25550	5	-1	0.0	0	2.93
25575	7	7	0.514	1	2.93
25600	1	1	0.499	1	2.94
25625	1	1	0.558	1	2.94
25650	2	-1	0.0	0	2.94
25675	4	4	1.24	1	2.93
25700	1	1	1.71	1	2.94
25725	8	8	0.241	1	2.92
25750	1	1	0.308	1	2.9
25775	5	5	0.63	1	2.97
25800	9	9	0.56	1	2.94
25825	3	-1	0.0	0	2.93
25850	6	6	0.347	1	2.93
25875	5	5	0.411	1	2.94
25900	6	-1	0.0	0	2.94
25925	5	5	0.958	1	2.91
25950	3	3	0.823	1	2.94
25975	1	1	1.41	1	2.94
26000	0	0	0.593	1	2.93
26025	6	7	0.576	0	2.93
26050	9	9	1.4	1	2.94
26075	6	6	0.782	1	2.93
26100	4	4	0.289	1	2.92
26125	5	-1	0.0	0	2.93
26150	9	9	1.03	1	2.92
26175	2	2	0.117	1	2.93
26200	0	0	1.03	1	2.93
26225	8	8	0.959	1	2.92
26250	8	8	0.713	1	2.93
26275	6	6	0.232	1	2.93
26300	0	0	0.0565	1	2.94
26325	5	-1	0.0	0	2.93
26350	1	1	0.301	1	2.91
26375	1	1	1.08	1	2.95
26400	2	2	0.143	1	2.94
26425	2	2	0.731	1	2.93
26450	1	1	1.41	1	2.92
26475	4	4	0.892	1	2.94
26500	2	-1	0.0	0	2.93
26525	3	-1	0.0	0	2.95
26550	1	1	0.799	1	2.93
26575	3	-1	0.0	0	2.95
26600	9	9	1.06	1	2.92
26625	9	-1	0.0	0	2.92
26650	9	9	0.686	1	2.95
26675	3	3	0.425	1	2.94
26700	5	5	0.0616	1	2.92
26725	6	6	0.887	1	2.93
26750	2	2	0.797	1	2.95
26775	5	5	0.344	1	2.95
26800	6	6	0.359	1	2.9
26825	9	9	0.514	1	2.94
26850	4	4	1.43	1	2.93
26875	9	9	1.1	1	2.93
26900	3	6	0.485	0	2.93
26925	8	8	0.929	1	2.93
26950	1	1	1.11	1	2.93
26975	4	-1	0.0	0	2.91
27000	0	0	1.04	1	2.93
27025	9	9	1.61	1	2.95
27050	4	4	1.13	1	2.94
27075	0	0	0.819	1	2.94
27100	4	4	0.134	1	2.92
27125	5	-1	0.0	0	2.95
27150	5	5	0.236	1	2.95
27175	0	0	1.07	1	2.92
27200	1	1	0.0306	1	2.94
27225	5	5	0.583	1	2.93
27250	3	6	0.881	0	2.93
27275	3	5	0.342	0	2.94
27300	5	-1	0.0	0	2.92
27325	2	-1	0.0	0	2.92
27350	9	1	0.211	0	2.91
27375	0	0	1.3	1	2.96
27400	7	7	0.778	1	2.92
27425	0	0	0.73	1	2.93
27450	6	-1	0.0	0	2.93
27475	3	5	0.0564	0	2.94
27500	4	2	0.48	0	2.94
27525	3	3	0.352	1	2.92
27550	8	8	0.388	1	2.93
27575	9	9	1.75	1	2.93
27600	7	7	0.149	1	2.92
27625	1	1	0.499	1	2.94
27650	1	3	0.132	0	2.92
27675	9	-1	0.0	0	2.92
27700	1	1	1.71	1	2.93
27725	4	4	0.946	1	2.96
27750	2	2	0.389	1	2.95
27775	7	7	1.66	1	2.95
27800	2	6	0.815	0	2.9
27825	2	2	0.212	1	2.94
27850	0	0	0.106	1	2.94
27875	4	-1	0.0	0	2.92
27900	9	9	0.77	1	2.94
27925	5	5	0.127	1	2.93
27950	5	-1	0.0	0	2.94
27975	9	-1	0.0	0	2.93
28000	0	0	1.09	1	2.94
28025	0	0	0.846	1	2.93
28050	3	-1	0.0	0	2.93
28075	3	6	0.142	0	2.94
28100	4	4	0.335	1	2.93
28125	8	8	1.33	1	2.94
28150	7	7	1.91	1	2.94
28175	1	-1	0.0	0	2.94
28200	4	0	0.114	0	2.94
28225	2	6	0.286	0	2.94
28250	4	4	1.25	1	2.92
28275	6	6	0.206	1	2.93
28300	0	0	0.746	1	2.93
28325	6	6	1.06	1	2.95
28350	5	3	0.666	0	2.93
28375	4	4	0.254	1	2.94
28400	0	2	0.122	0	2.93
28425	5	2	0.224	0	2.93
28450	8	8	1.23	1	2.93
28475	5	6	0.0149	0	2.93
28500	4	4	0.106	1	2.93
28525	0	-1	0.0	0	2.93
28550	5	3	0.199	0	2.92
28575	5	5	0.129	1	2.96
28600	4	4	0.418	1	2.92
28625	0	-1	0.0	0	2.92
28650	0	0	1.1	1	2.94
28675	0	0	0.609	1	2.93
28700	3	3	0.194	1	2.93
28725	3	-1	0.0	0	2.96
28750	0	0	1.96	1	2.92
28775	8	8	1.5	1	2.93
28800	8	8	0.731	1	2.93
28825	5	5	0.125	1	2.93
28850	9	9	1.04	1	2.94
28875	4	4	0.192	1	2.93
28900	5	5	1.05	1	2.94
28925	6	4	0.102	0	2.94
28950	8	8	0.959	1	2.93
28975	1	1	1.86	1	2.93
29000	9	9	1.06	1	2.93
29025	9	9	0.0388	1	2.94
29050	3	3	0.73	1	2.94
29075	8	8	1.05	1	2.94
29100	4	7	0.454	0	2.92
29125	4	6	0.321	0	2.93
29150	2	2	0.36	1	2.94
29175	8	0	0.213	0	2.92
29200	3	3	0.172	1	2.92
29225	0	3	0.776	0	2.93
29250	4	-1	0.0	0	2.94
29275	1	1	1.8	1	2.92
29300	2	-1	0.0	0	2.95
29325	1	1	1.38	1	2.95
29350	7	7	0.398	1	2.92
29375	6	6	1.41	1	2.93
29400	0	0	0.604	1	2.94
29425	5	5	1.1	1	2.93
29450	5	5	0.514	1	2.94
29475	8	8	1.08	1	2.95
29500	8	8	1.62	1	2.94
29525	4	4	0.881	1	2.94
29550	6	-1	0.0	0	2.95
29575	5	5	0.925	1	2.91
29600	8	1	0.138	0	2.93
29625	2	2	0.668	1	2.94
29650	2	2	1.11	1	2.93
29675	1	1	0.729	1	2.93
29700	9	9	0.579	1	2.94
29725	8	8	0.739	1	2.93
29750	9	9	0.157	1	2.93
29775	5	5	1.2	1	2.94
29800	7	7	0.646	1	2.93
29825	9	-1	0.0	0	2.94
29850	8	8	0.951	1	2.94
29875	1	1	0.445	1	2.92
29900	7	7	1.33	1	2.94
29925	2	-1	0.0	0	2.95
29950	3	-1	0.0	0	2.94
29975	7	7	1.88	1	2.93
30000	0	8	0.371	0	2.96
30025	2	2	1.21	1	2.93
30050	1	9	0.0746	0	2.91
30075	7	4	0.16	0	2.93
30100	6	6	0.125	1	2.94
30125	4	4	0.424	1	2.94
30150	7	7	1.12	1	2.94
30175	9	9	0.497	1	2.94
30200	0	0	0.284	1	2.94
30225	4	4	0.844	1	2.93
30250	4	4	0.579	1	2.93
30275	5	-1	0.0	0	2.94
30300	4	-1	0.0	0	2.96
30325	2	2	0.186	1	2.93
30350	6	6	0.611	1	2.93
30375	5	-1	0.0	0	2.95
30400	0	0	0.00422	1	2.95
30425	4	4	0.278	1	2.94
30450	4	-1	0.0	0	2.94
30475	2	2	1.76	1	2.93
30500	5	-1	0.0	0	2.95
30525	9	9	0.907	1	2.94
30550	8	-1	0.0	0	2.95
30575	0	0	0.394	1	2.94
30600	4	4	0.242	1	2.93
30625	6	6	0.814	1	2.94
30650	1	1	1.2	1	2.92
30675	9	1	0.373	0	2.95
30700	2	4	0.115	0	2.93
30725	4	-1	0.0	0	2.9
30750	1	1	0.345	1	2.97
30775	9	9	0.335	1	2.95
30800	6	6	1.2	1	2.92
30825	7	7	1.1	1	2.93
30850	9	9	0.135	1	2.93
30875	4	4	0.45	1	2.95
30900	4	-1	0.0	0	2.93
30925	7	7	0.873	1	2.93
30950	4	-1	0.0	0	2.93
30975	3	-1	0.0	0	2.92
31000	0	0	1.11	1	2.95
31025	6	6	0.717	1	2.95
31050	3	3	1.54	1	2.94
31075	4	4	0.31	1	2.93
31100	1	1	1.29	1	2.94
31125	8	8	0.182	1	2.92
31150	3	-1	0.0	0	2.93
31175	6	6	1.11	1	2.94
31200	5	4	0.226	0	2.95
31225	5	-1	0.0	0	2.93
31250	8	8	1.86	1	2.92
31275	2	2	0.467	1	2.93
31300	1	1	1.18	1	2.94
31325	6	3	0.000121	0	2.94
31350	7	7	1.01	1	2.95
31375	2	2	1.15	1	2.93
31400	3	3	0.773	1	2.94
31425	8	8	1.96	1	2.95
31450	0	0	0.654	1	2.94
31475	2	-1	0.0	0	2.95
31500	6	6	0.0129	1	2.93
31525	5	5	0.585	1	2.94
31550	2	4	0.29	0	2.92
31575	6	6	0.807	1	2.92
31600	0	0	0.469	1	2.93
31625	8	-1	0.0	0	2.94
31650	5	-1	0.0	0	2.95
31675	8	8	0.16	1	2.96
31700	0	0	0.994	1	2.93
31725	8	5	0.00698	0	2.93
31750	4	-1	0.0	0	2.94
31775	4	2	0.0774	0	2.94
31800	7	7	1.06	1	2.93
31825	3	3	1.1	1	2.93
31850	2	-1	0.0	0	2.94
31875	5	-1	0.0	0	2.93
31900	3	6	0.52	0	2.93
31925	1	-1	0.0	0	2.94
31950	8	8	1.05	1	2.92
31975	3	9	0.873	0	2.94
32000	7	7	0.332	1	2.93
32025	0	0	0.402	1	2.94
32050	4	4	0.134	1	2.93
32075	3	3	0.948	1	2.95
32100	4	4	0.136	1	2.93
32125	6	6	0.295	1	2.94
32150	7	7	1.55	1	2.94
32175	9	9	0.32	1	2.93
32200	8	8	0.206	1	2.94
32225	4	4	0.327	1	2.93
32250	3	5	0.578	0	2.94
32275	8	8	0.403	1	2.93
32300	4	4	0.765	1	2.93
32325	3	3	0.00383	1	2.92
32350	3	3	0.882	1	2.94
32375	2	2	0.532	1	2.94
32400	3	3	0.745	1	2.91
32425	5	5	1.91	1	2.94
32450	4	4	0.94	1	2.93
32475	8	8	0.287	1	2.94
32500	6	2	0.0588	0	2.94
32525	4	4	0.372	1	2.95
32550	9	-1	0.0	0	2.91
32575	9	9	0.576	1	2.93
32600	9	1	0.0198	0	2.94
32625	5	2	0.289	0	2.91
32650	4	4	0.213	1	2.93
32675	6	6	0.672	1	2.93
32700	7	7	1.66	1	2.95
32725	3	-1	0.0	0	2.93
32750	7	7	0.243	1	2.91
32775	0	0	0.736	1	2.91
32800	8	1	0.497	0	2.94
32825	3	6	0.25	0	2.96
32850	2	7	0.0558	0	2.95
32875	7	7	0.336	1	2.93
32900	5	5	0.141	1	2.95
32925	9	-1	0.0	0	2.94
32950	5	5	0.925	1	2.95
32975	6	-1	0.0	0	2.93
33000	0	0	1.25	1	2.94
33025	9	9	0.413	1	2.92
33050	1	1	0.986	1	2.93
33075	9	9	1.49	1	2.93
33100	3	5	0.372	0	2.93
33125	5	6	0.305	0	2.93
33150	7	8	0.187	0	2.94
33175	2	2	0.799	1	2.93
33200	9	9	0.596	1	2.93
33225	8	8	1.33	1	2.94
33250	1	1	0.538	1	2.93
33275	3	5	0.607	0	2.94
33300	2	2	0.478	1	2.94
33325	0	0	0.609	1	2.92
33350	2	5	0.0911	0	2.93
33375	3	-1	0.0	0	2.93
33400	6	8	0.106	0	2.92
33425	6	6	0.723	1	2.91
33450	7	7	0.676	1	2.93
33475	7	7	0.687	1	2.95
33500	8	8	0.798	1	2.92
33525	3	-1	0.0	0	2.94
33550	2	0	0.372	0	2.94
33575	2	2	0.0631	1	2.93
33600	3	-1	0.0	0	2.94
33625	1	1	0.838	1	2.93
33650	1	1	0.36	1	2.92
33675	4	4	0.858	1	2.91
33700	0	0	1.96	1	2.94
33725	4	-1	0.0	0	2.91
33750	0	0	0.311	1	2.92
33775	7	7	0.483	1	2.96
33800	5	-1	0.0	0	2.93
33825	7	7	0.316	1	2.93
33850	7	7	1.4	1	2.94
33875	5	5	1.01	1	2.92
33900	9	9	0.518	1	2.94
33925	3	3	0.526	1	2.94
33950	0	7	0.0395	0	2.93
33975	0	-1	0.0	0	2.96
34000	3	3	0.272	1	2.92
34025	7	7	1.84	1	2.94
34050	2	2	1.75	1	2.92
34075	6	-1	0.0	0	2.96
34100	8	8	0.765	1	2.91
34125	0	0	1.08	1	2.94
34150	0	0	1.86	1	2.92
34175	9	9	1.12	1	2.93
34200	2	7	0.265	0	2.94
34225	3	6	0.235	0	2.93
34250	0	0	0.185	1	2.93
34275	7	7	0.961	1	2.92
34300	1	1	1.49	1	2.94
34325	2	6	0.33	0	2.91
34350	4	4	0.749	1	2.93
34375	1	0	0.19	0	2.94
34400	1	1	0.138	1	2.94
34425	4	0	0.966	0	2.92
34450	4	4	1.31	1	2.94
34475	9	9	0.176	1	2.94
34500	0	0	0.835	1	2.93
34525	9	9	0.176	1	2.94
34550	6	3	0.196	0	2.95
34575	4	2	0.0847	0	2.94
34600	2	4	0.0557	0	2.93
34625	9	9	1.46	1	2.94
34650	3	3	1.04	1	2.94
34675	1	1	0.255	1	2.91
34700	1	-1	0.0	0	2.94
34725	6	-1	0.0	0	2.93
34750	0	0	0.94	1	2.94
34775	6	6	0.162	1	2.92
34800	9	9	0.822	1	2.94
34825	8	8	0.935	1	2.91
34850	1	9	0.822	0	2.93
34875	6	-1	0.0	0	2.95
34900	7	7	0.58	1	2.9
34925	2	4	0.637	0	2.94
34950	4	-1	0.0	0	2.94
34975	9	9	0.455	1	2.95
35000	5	-1	0.0	0	2.94
35025	7	7	0.38	1	2.94
35050	4	6	0.294	0	2.94
35075	2	2	0.113	1	2.93
35100	3	8	0.549	0	2.92
35125	5	5	1.5	1	2.92
35150	8	8	0.417	1	2.92
35175	4	4	0.747	1	2.96
35200	5	-1	0.0	0	2.94
35225	6	6	0.783	1	2.94
35250	4	4	0.0951	1	2.93
35275	7	7	1.08	1	2.93
35300	8	8	1.37	1	2.95
35325	0	0	0.176	1	2.95
35350	2	4	0.215	0	2.93
35375	3	3	0.384	1	2.93
35400	7	7	0.204	1	2.92
35425	8	-1	0.0	0	2.95
35450	4	4	0.515	1	2.92
35475	0	0	0.654	1	2.94
35500	3	5	0.615	0	2.94
35525	3	6	0.081	0	2.93
35550	1	1	0.414	1	2.93
35575	2	2	0.129	1	2.94
35600	6	6	0.323	1	2.93
35625	9	9	0.355	1	2.93
35650	7	7	0.895	1	2.94
35675	4	4	0.12	1	2.94
35700	0	1	0.422	0	2.92
35725	0	2	0.0457	0	2.93
35750	0	-1	0.0	0	2.94
35775	5	5	0.117	1	2.94
35800	2	0	0.296	0	2.93
35825	8	8	1.96	1	2.95
35850	1	1	0.22	1	2.95
35875	3	-1	0.0	0	2.95
35900	6	6	0.465	1	2.93
35925	4	3	0.098	0	2.92
35950	6	6	0.103	1	2.94
35975	7	7	1.32	1	2.94
36000	3	6	0.332	0	2.94
36025	2	-1	0.0	0	2.93
36050	9	9	0.946	1	2.93
36075	5	5	0.726	1	2.92
36100	0	0	1.07	1	2.9
36125	2	2	0.553	1	2.93
36150	5	5	0.192	1	2.94
36175	0	0	1.86	1	2.92
36200	8	-1	0.0	0	2.95
36225	4	4	0.39	1	2.95
36250	9	9	0.965	1	2.93
36275	3	3	0.902	1	2.94
36300	2	2	1.47	1	2.94
36325	0	0	1.51	1	2.94
36350	5	-1	0.0	0	2.96
36375	8	-1	0.0	0	2.93
36400	1	1	1.18	1	2.93
36425	3	-1	0.0	0	2.93
36450	2	2	0.203	1	2.93
36475	9	9	1.05	1	2.93
36500	1	1	0.677	1	2.92
36525	6	-1	0.0	0	2.91
36550	1	1	0.861	1	2.95
36575	4	7	0.0199	0	2.92
36600	4	4	0.0113	1	2.95
36625	6	-1	0.0	0	2.92
36650	8	8	0.846	1	2.94
36675	2	2	0.3	1	2.96
36700	2	2	0.237	1	2.92
36725	3	-1	0.0	0	2.93
36750	0	0	0.47	1	2.91
36775	7	7	1.56	1	2.95
36800	3	8	0.103	0	2.91
36825	2	2	0.947	1	2.94
36850	1	1	0.908	1	2.94
36875	9	6	0.0857	0	2.95
36900	3	6	0.0264	0	2.94
36925	0	-1	0.0	0	2.93
36950	1	1	0.881	1	2.9
36975	1	1	0.837	1	2.94
37000	7	2	0.274	0	2.93
37025	4	4	0.137	1	2.93
37050	9	-1	0.0	0	2.94
37075	4	2	0.0116	0	2.93
37100	7	7	0.0822	1	2.92
37125	5	-1	0.0	0	2.95
37150	7	7	0.143	1	2.94
37175	3	3	1.13	1	2.94
37200	7	7	1.44	1	2.93
37225	9	9	0.132	1	2.92
37250	0	8	0.0777	0	2.94
37275	6	6	0.226	1	2.94
37300	3	3	0.365	1	2.93
37325	0	0	0.253	1	2.91
37350	3	8	0.113	0	2.93
37375	5	5	0.0523	1	2.94
37400	9	9	1.49	1	2.95
37425	3	3	0.137	1	2.93
37450	4	4	0.037	1	2.94
37475	3	-1	0.0	0	2.94
37500	3	6	0.35	0	2.93
37525	7	4	0.0531	0	2.93
37550	8	8	1.61	1	2.93
37575	9	1	0.13	0	2.93
37600	9	9	0.822	1	2.93
37625	6	6	0.0754	1	2.92
37650	1	1	1.71	1	2.95
37675	3	4	0.154	0	2.94
37700	3	3	0.273	1	2.93
37725	6	6	0.174	1	2.91
37750	5	5	0.113	1	2.94
37775	4	-1	0.0	0	2.93
37800	7	7	1.12	1	2.91
37825	6	6	0.231	1	2.94
37850	4	4	0.0414	1	2.95
37875	4	4	0.418	1	2.95
37900	5	-1	0.0	0	2.94
37925	2	4	0.412	0	2.94
37950	0	-1	0.0	0	2.92
37975	9	6	0.0528	0	2.94
38000	0	0	0.986	1	2.92
38025	7	-1	0.0	0	2.94
38050	6	6	0.26	1	2.92
38075	1	1	0.161	1	2.95
38100	3	-1	0.0	0	2.92
38125	6	3	0.157	0	2.95
38150	2	2	0.00615	1	2.92
38175	1	1	0.174	1	2.94
38200	3	3	0.165	1	2.92
38225	7	7	0.382	1	2.93
38250	6	6	1.29	1	2.93
38275	3	3	0.405	1	2.95
38300	9	-1	0.0	0	2.94
38325	7	7	1.6	1	2.92
38350	4	4	1.01	1	2.92
38375	4	4	0.928	1	2.95
38400	3	3	1.41	1	2.92
38425	7	-1	0.0	0	2.95
38450	6	6	0.769	1	2.92
38475	6	-1	0.0	0	2.94
38500	7	7	1.96	1	2.93
38525	8	8	1.05	1	2.93
38550	7	7	0.865	1	2.93
38575	7	7	1.74	1	2.93
38600	5	-1	0.0	0	2.93
38625	8	8	1.47	1	2.93
38650	1	9	0.0506	0	2.93
38675	0	0	1.29	1	2.92
38700	8	8	0.72	1	2.91
38725	1	1	0.566	1	2.93
38750	2	3	0.323	0	2.93
38775	5	5	0.467	1	2.96
38800	8	8	0.752	1	2.92
38825	3	4	0.24	0	2.94
38850	8	8	1.37	1	2.94
38875	7	7	1.4	1	2.94
38900	0	0	0.717	1	2.94
38925	8	8	0.665	1	2.93
38950	1	3	0.00185	0	2.96
38975	5	5	1.7	1	2.95
39000	6	6	0.695	1	2.94
39025	9	9	0.243	1	2.93
39050	9	-1	0.0	0	2.95
39075	8	8	0.37	1	2.92
39100	3	-1	0.0	0	2.95
39125	4	0	0.392	0	2.92
39150	3	3	0.914	1	2.93
39175	3	3	0.752	1	2.93
39200	6	-1	0.0	0	2.93
39225	5	-1	0.0	0	2.93
39250	1	1	0.363	1	2.92
39275	1	8	0.147	0	2.95
39300	3	2	0.322	0	2.93
39325	3	-1	0.0	0	2.93
39350	8	8	0.874	1	2.95
39375	3	-1	0.0	0	2.93
39400	7	7	0.12	1	2.93
39425	7	-1	0.0	0	2.94
39450	9	-1	0.0	0	2.94
39475	5	-1	0.0	0	2.94
39500	3	3	0.46	1	2.95
39525	5	5	0.192	1	2.93
39550	2	2	0.938	1	2.92
39575	3	3	0.321	1	2.93
39600	9	9	0.155	1	2.95
39625	9	2	0.331	0	2.91
39650	0	0	0.291	1	2.95
39675	2	2	0.406	1	2.91
39700	7	7	1.21	1	2.95
39725	0	-1	0.0	0	2.93
39750	7	5	0.017	0	2.93
39775	9	9	0.436	1	2.96
39800	1	-1	0.0	0	2.93
39825	1	1	0.855	1	2.93
39850	3	3	0.999	1	2.92
39875	0	-1	0.0	0	2.93
39900	6	4	0.0279	0	2.94
39925	2	2	0.54	1	2.93
39950	3	3	0.0102	1	2.94
39975	5	0	0.416	0	2.93
40000	1	1	1.37	1	2.94
40025	7	7	1.26	1	2.95
40050	9	9	1.84	1	2.93
40075	1	1	1.26	1	2.92
40100	9	9	0.75	1	2.93
40125	0	0	1.24	1	2.91
40150	0	0	0.755	1	2.95
40175	8	8	0.956	1	2.93
40200	6	-1	0.0	0	2.93
40225	2	-1	0.0	0	2.94
40250	1	1	0.757	1	2.94
40275	0	0	1.66	1	2.94
40300	7	7	1.25	1	2.95
40325	7	7	0.984	1	2.93
40350	9	-1	0.0	0	2.94
40375	4	0	0.115	0	2.92
40400	3	3	0.481	1	2.92
40425	6	-1	0.0	0	2.94
40450	9	9	0.634	1	2.94
40475	1	1	0.17	1	2.92
40500	8	8	1.41	1	2.95
40525	0	0	0.0551	1	2.9
40550	4	4	0.506	1	2.93
40575	8	3	0.0761	0	2.94
40600	5	5	0.764	1	2.94
40625	2	2	0.292	1	2.92
40650	4	8	0.246	0	2.91
40675	6	6	0.744	1	2.94
40700	8	8	1.83	1	2.95
40725	6	4	0.189	0	2.93
40750	9	9	0.475	1	2.93
40775	3	6	0.213	0	2.92
40800	5	7	0.721	0	2.94
40825	9	9	1.96	1	2.94
40850	6	6	0.344	1	2.91
40875	9	9	0.359	1	2.95
40900	2	3	0.172	0	2.93
40925	8	8	1.06	1	2.92
40950	3	3	1.61	1	2.95
40975	2	2	0.107	1	2.92
41000	7	7	0.483	1	2.94
41025	5	5	1.54	1	2.93
41050	7	7	1.53	1	2.92
41075	1	1	1.01	1	2.92
41100	4	4	0.0519	1	2.96
41125	2	2	0.302	1	2.93
41150	7	7	0.726	1	2.92
41175	5	-1	0.0	0	2.94
41200	0	0	1.59	1	2.92
41225	8	8	1.67	1	2.94
41250	8	9	0.0621	0	2.86
41275	6	6	0.544	1	2.95
41300	0	0	0.142	1	2.94
41325	2	-1	0.0	0	2.93
41350	6	6	0.886	1	2.94
41375	8	8	1.77	1	2.93
41400	5	5	0.165	1	2.92
41425	5	5	1.26	1	2.92
41450	8	8	0.699	1	2.91
41475	5	5	1.54	1	2.93
41500	4	4	1.37	1	2.92
41525	1	1	0.405	1	2.95
41550	1	4	0.168	0	2.64
41575	7	7	0.918	1	2.74
41600	0	0	1.88	1	2.95
41625	4	4	0.918	1	2.92
41650	6	6	0.0133	1	2.93
41675	4	-1	0.0	0	2.93
41700	7	7	1.45	1	2.92
41725	3	5	0.46	0	2.94
41750	4	4	0.0434	1	2.93
41775	2	-1	0.0	0	2.93
41800	0	0	0.865	1	2.93
41825	4	4	1.09	1	2.93
41850	7	7	0.0707	1	2.7
41875	5	-1	0.0	0	2.88
41900	0	0	1.68	1	2.98
41925	2	2	0.0866	1	2.95
41950	8	0	0.246	0	2.94
41975	0	-1	0.0	0	2.92
42000	9	9	1.7	1	2.94
42025	9	9	0.0498	1	2.94
42050	8	8	1.15	1	2.92
42075	7	7	1.18	1	2.92
42100	5	-1	0.0	0	2.94
42125	7	7	0.126	1	2.93
42150	1	1	1.53	1	2.92
42175	0	8	0.485	0	2.93
42200	2	-1	0.0	0	2.94
42225	4	4	1.03	1	2.92
42250	6	6	0.426	1	2.94
42275	8	0	0.428	0	2.92
42300	8	8	0.315	1	2.9
42325	8	8	0.876	1	2.92
42350	4	6	0.0545	0	2.92
42375	4	4	0.245	1	2.94
42400	0	0	1.27	1	2.94
42425	1	1	0.548	1	2.93
42450	2	2	0.604	1	2.91
42475	1	1	0.558	1	2.92
42500	7	7	1.0	1	2.94
42525	6	6	0.971	1	2.92
42550	7	7	0.47	1	2.94
42575	4	4	0.137	1	2.91
42600	2	2	1.17	1	2.92
42625	1	1	0.566	1	2.92
42650	3	3	1.17	1	2.93
42675	4	4	1.24	1	2.93
42700	4	4	0.819	1	2.92
42725	4	-1	0.0	0	2.92
42750	4	4	0.831	1	2.92
42775	2	2	0.0948	1	2.93
42800	3	3	0.906	1	2.92
42825	3	5	0.0777	0	2.93
42850	6	6	0.25	1	2.93
42875	9	9	0.801	1	2.91
42900	9	9	0.646	1	2.93
42925	1	1	1.29	1	2.93
42950	5	5	0.207	1	2.93
42975	6	6	0.458	1	2.93
43000	5	3	0.245	0	2.93
43025	5	5	1.13	1	2.92
43050	1	1	0.935	1	2.92
43075	5	5	0.374	1	2.91
43100	8	8	0.433	1	2.94
43125	0	0	0.789	1	2.93
43150	7	7	0.0622	1	2.94
43175	8	8	0.808	1	2.95
43200	9	-1	0.0	0	2.92
43225	5	3	0.362	0	2.91
43250	6	-1	0.0	0	2.93
43275	5	3	0.0291	0	2.92
43300	2	5	0.0486	0	2.94
43325	9	4	0.102	0	2.92
43350	8	8	0.938	1	2.93
43375	0	0	0.0645	1	2.94
43400	8	8	1.5	1	2.93
43425	5	5	0.422	1	2.91
43450	2	-1	0.0	0	2.93
43475	0	0	1.79	1	2.93
43500	3	3	0.195	1	2.94
43525	0	0	1.19	1	2.94
43550	4	-1	0.0	0	2.92
43575	4	4	1.11	1	2.94
43600	1	1	0.838	1	2.92
43625	7	7	1.96	1	2.92
43650	4	4	0.323	1	2.93
43675	8	8	0.52	1	2.93
43700	0	4	0.263	0	2.93
43725	8	8	1.37	1	2.93
43750	0	0	0.083	1	2.94
43775	0	0	1.96	1	2.93
43800	3	3	0.539	1	2.92
43825	1	1	1.42	1	2.92
43850	3	3	0.456	1	2.92
43875	0	0	0.0959	1	2.93
43900	9	9	1.52	1	2.94
43925	4	4	0.871	1	2.93
43950	4	4	0.792	1	2.94
43975	4	4	0.198	1	2.92
44000	7	7	0.934	1	2.93
44025	7	7	1.22	1	2.92
44050	9	9	0.332	1	2.94
44075	2	2	0.256	1	2.91
44100	8	-1	0.0	0	2.93
44125	4	4	0.249	1	2.93
44150	5	-1	0.0	0	2.93
44175	0	0	1.88	1	2.93
44200	4	4	0.793	1	2.94
44225	1	6	0.426	0	2.91
44250	6	-1	0.0	0	2.93
44275	0	0	0.209	1	2.94
44300	5	5	0.706	1	2.92
44325	5	2	0.0682	0	2.93
44350	0	0	1.1	1	2.94
44375	8	8	1.75	1	2.92
44400	4	-1	0.0	0	2.93
44425	1	1	0.465	1	2.92
44450	4	4	1.36	1	2.94
44475	1	-1	0.0	0	2.94
44500	0	-1	0.0	0	2.93
44525	4	4	0.628	1	2.92
44550	3	4	0.337	0	2.94
44575	1	1	0.267	1	2.94
44600	6	6	0.0263	1	2.92
44625	1	1	0.539	1	2.95
44650	6	6	0.971	1	2.94
44675	6	6	0.698	1	2.95
44700	5	5	0.633	1	2.92
44725	1	1	1.19	1	2.92
44750	4	4	0.102	1	2.93
44775	9	9	1.11	1	2.94
44800	3	3	0.305	1	2.91
44825	6	6	0.588	1	2.93
44850	4	4	0.0429	1	2.94
44875	0	7	0.0613	0	2.96
44900	4	4	1.25	1	2.92
44925	0	0	0.472	1	2.92
44950	3	3	0.98	1	2.93
44975	0	0	0.857	1	2.94
45000	7	7	1.24	1	2.95
45025	8	8	1.69	1	2.94
45050	2	6	0.221	0	2.95
45075	3	5	0.099	0	2.95
45100	4	-1	0.0	0	2.93
45125	5	5	1.35	1	2.91
45150	7	7	0.401	1	2.93
45175	3	3	0.194	1	2.93
45200	2	4	0.441	0	2.91
45225	6	6	0.0844	1	2.94
45250	3	5	0.0169	0	2.95
45275	3	3	0.076	1	2.92
45300	6	6	0.37	1	2.91
45325	8	8	0.331	1	2.93
45350	6	6	0.479	1	2.93
45375	8	8	0.000297	1	2.91
45400	4	-1	0.0	0	2.92
45425	1	1	0.483	1	2.92
45450	5	5	0.217	1	2.91
45475	1	1	1.06	1	2.88
45500	1	1	0.293	1	2.91
45525	0	0	0.842	1	2.9
45550	2	2	1.24	1	2.9
45575	6	6	0.349	1	2.9
45600	1	1	0.663	1	2.89
45625	3	3	0.485	1	2.87
45650	8	8	0.863	1	2.86
45675	1	1	0.305	1	2.88
45700	3	3	0.486	1	2.88
45725	7	7	1.56	1	2.86
45750	6	4	0.354	0	2.87
45775	4	8	0.362	0	2.88
45800	0	0	0.783	1	2.86
45825	9	9	0.803	1	2.86
45850	3	3	0.417	1	2.86
45875	2	2	0.73	1	2.83
45900	6	-1	0.0	0	2.85
45925	6	5	0.193	0	2.85
45950	7	7	1.88	1	2.83
45975	9	9	0.462	1	2.84
46000	2	2	0.0707	1	2.85
46025	7	-1	0.0	0	2.83
46050	6	6	0.686	1	2.83
46075	6	6	1.81	1	2.84
46100	8	8	0.0816	1	2.82
46125	2	2	0.0912	1	2.83
46150	4	4	0.556	1	2.83
46175	8	8	0.82	1	2.81
46200	0	-1	0.0	0	2.81
46225	9	9	0.873	1	2.79
46250	4	4	0.0077	1	2.82
46275	5	5	1.96	1	2.81
46300	7	-1	0.0	0	2.81
46325	3	-1	0.0	0	2.81
46350	5	-1	0.0	0	2.8
46375	9	9	1.3	1	2.81
46400	7	7	0.475	1	2.79
46425	3	-1	0.0	0	2.8
46450	2	4	0.186	0	2.81
46475	2	-1	0.0	0	2.81
46500	3	3	0.715	1	2.8
46525	5	5	1.13	1	2.79
46550	6	3	0.111	0	2.8
46575	2	4	0.125	0	2.79
46600	6	-1	0.0	0	2.8
46625	0	0	0.365	1	2.77
46650	4	3	0.313	0	2.81
46675	8	8	0.967	1	2.79
46700	5	5	1.15	1	2.81
46725	0	0	0.371	1	2.76
46750	0	0	0.773	1	2.66
46775	9	9	1.63	1	2.86
46800	2	2	0.0305	1	2.84
46825	3	3	0.00467	1	2.79
46850	6	-1	0.0	0	2.78
46875	7	7	1.18	1	2.81
46900	1	1	0.132	1	2.78
46925	5	-1	0.0	0	2.8
46950	3	-1	0.0	0	2.77
46975	8	8	0.0954	1	2.77
47000	8	8	1.4	1	2.77
47025	9	9	0.811	1	2.76
47050	0	-1	0.0	0	2.77
47075	3	1	0.658	0	2.79
47100	3	-1	0.0	0	2.78
47125	7	7	1.68	1	2.77
47150	6	6	0.257	1	2.78
47175	9	9	0.133	1	2.76
47200	2	2	0.0944	1	2.78
47225	5	3	0.0706	0	2.78
47250	3	3	0.296	1	2.76
47275	7	7	0.583	1	2.78
47300	4	4	0.435	1	2.77
47325	7	7	0.0482	1	2.78
47350	8	8	0.629	1	2.78
47375	0	0	1.2	1	2.75
47400	8	8	1.36	1	2.75
47425	4	4	0.233	1	2.76
47450	2	4	0.0527	0	2.74
47475	3	3	0.241	1	2.78
47500	2	4	0.324	0	2.74
47525	0	-1	0.0	0	2.77
47550	0	0	1.47	1	2.78
47575	7	7	0.524	1	2.67
47600	6	6	1.23	1	2.72
47625	5	3	0.312	0	2.84
47650	6	6	0.174	1	2.77
47675	2	3	0.207	0	2.79
47700	9	9	1.15	1	2.76
47725	5	-1	0.0	0	2.76
47750	2	5	0.038	0	2.76
47775	3	3	0.261	1	2.68
47800	2	2	0.373	1	2.79
47825	8	8	0.433	1	2.79
47850	2	4	0.141	0	2.76
47875	9	9	0.971	1	2.76
47900	1	1	1.37	1	2.75
47925	0	0	0.205	1	2.78
47950	3	3	0.314	1	2.74
47975	4	-1	0.0	0	2.76
48000	1	-1	0.0	0	2.75
48025	2	8	0.0998	0	2.75
48050	5	5	1.32	1	2.75
48075	1	9	0.357	0	2.7
48100	0	0	0.537	1	2.81
48125	8	8	1.36	1	2.76
48150	9	8	0.0534	0	2.74
48175	8	8	0.546	1	2.68
48200	3	6	0.232	0	2.78
48225	8	8	0.892	1	2.77
48250	2	-1	0.0	0	2.76
48275	1	1	1.83	1	2.74
48300	2	-1	0.0	0	2.74
48325	6	6	0.824	1	2.74
48350	0	2	0.375	0	2.75
48375	1	1	1.61	1	2.76
48400	6	-1	0.0	0	2.73
48425	4	-1	0.0	0	2.76
48450	9	9	1.28	1	2.75
48475	8	8	1.07	1	2.74
48500	8	8	1.51	1	2.76
48525	6	6	0.492	1	2.74
48550	8	8	0.0173	1	2.74
48575	6	6	0.138	1	2.75
48600	6	6	0.173	1	2.76
48625	5	5	0.827	1	2.74
48650	6	6	0.208	1	2.74
48675	1	1	0.575	1	2.76
48700	8	8	0.769	1	2.75
48725	8	8	1.59	1	2.74
48750	5	5	0.151	1	2.74
48775	5	5	0.664	1	2.67
48800	2	0	0.152	0	2.72
48825	4	-1	0.0	0	2.79
48850	0	0	1.65	1	2.75
48875	4	4	0.314	1	2.76
48900	5	5	0.128	1	2.75
48925	6	6	0.711	1	2.7
48950	4	4	0.733	1	2.76
48975	1	1	0.315	1	2.75
49000	8	8	0.692	1	2.74
49025	8	8	0.864	1	2.75
49050	0	0	1.01	1	2.74
49075	1	1	0.453	1	2.72
49100	0	0	0.528	1	2.74
49125	9	9	1.09	1	2.71
49150	1	1	1.14	1	2.77
49175	7	7	0.966	1	2.75
49200	6	6	0.96	1	2.76
49225	1	1	0.804	1	2.74
49250	8	8	0.687	1	2.76
49275	2	2	0.408	1	2.73
49300	9	9	0.422	1	2.67
49325	3	3	0.204	1	2.71
49350	7	-1	0.0	0	2.79
49375	0	-1	0.0	0	2.75
49400	8	8	0.839	1	2.72
49425	9	-1	0.0	0	2.76
49450	2	4	0.755	0	2.77
49475	4	4	0.652	1	2.74
49500	3	3	0.413	1	2.72
49525	0	0	1.67	1	2.76
49550	6	5	0.169	0	2.67
49575	4	-1	0.0	0	2.77
49600	3	3	0.0171	1	2.75
49625	8	8	0.877	1	2.67
49650	7	7	0.0573	1	2.78
49675	5	5	0.166	1	2.68
49700	2	2	0.187	1	2.76
49725	2	2	0.25	1	2.76
49750	9	1	0.19	0	2.73
49775	3	3	0.689	1	2.72
49800	2	2	0.996	1	2.73
49825	3	3	0.327	1	2.74
49850	7	7	1.56	1	2.67
49875	1	1	1.36	1	2.77
49900	3	3	0.434	1	2.75
49925	7	-1	0.0	0	2.68
49950	4	4	0.522	1	2.8
49975	3	5	0.014	0	2.69
