idx	label	predict	radius	correct	time
0	6	6	0.406	1	2.62
25	6	6	0.141	1	2.57
50	9	9	0.0709	1	2.57
75	1	1	0.297	1	2.56
100	8	8	0.612	1	2.56
125	6	6	0.402	1	2.56
150	3	4	0.0687	0	2.55
175	4	4	0.955	1	2.56
200	6	6	0.705	1	2.57
225	9	9	0.729	1	2.57
250	1	1	0.421	1	2.58
275	1	1	0.978	1	2.58
300	2	2	0.0566	1	2.58
325	1	1	0.768	1	2.58
350	6	6	0.115	1	2.58
375	1	1	0.245	1	2.58
400	2	2	0.625	1	2.58
425	2	-1	0.0	0	2.59
450	5	3	0.266	0	2.59
475	8	8	0.556	1	2.59
500	5	5	0.474	1	2.59
525	6	6	0.47	1	2.59
550	3	3	0.515	1	2.6
575	7	7	0.285	1	2.6
600	0	0	0.509	1	2.6
625	6	6	0.69	1	2.6
650	0	0	0.978	1	2.6
675	5	5	0.849	1	2.6
700	0	0	0.463	1	2.6
725	4	2	0.182	0	2.61
750	5	5	0.234	1	2.61
775	2	2	0.0559	1	2.61
800	2	2	0.557	1	2.61
825	7	7	0.978	1	2.61
850	3	-1	0.0	0	2.61
875	5	5	0.355	1	2.61
900	9	9	0.69	1	2.61
925	4	4	0.978	1	2.61
950	9	9	0.332	1	2.61
975	2	2	0.769	1	2.61
1000	9	9	0.555	1	2.63
1025	3	3	0.205	1	2.65
1050	2	2	0.427	1	2.67
1075	9	9	0.57	1	2.64
1100	3	7	0.095	0	2.65
1125	7	7	0.726	1	2.68
1150	3	3	0.177	1	2.67
1175	6	6	0.978	1	2.66
1200	7	7	0.538	1	2.68
1225	4	4	0.263	1	2.67
1250	8	8	0.132	1	2.69
1275	7	7	0.978	1	2.69
1300	8	8	0.941	1	2.68
1325	8	8	0.261	1	2.65
1350	4	5	0.0363	0	2.7
1375	8	8	0.978	1	2.68
1400	0	0	0.889	1	2.71
1425	4	6	0.201	0	2.69
1450	4	4	0.169	1	2.7
1475	2	-1	0.0	0	2.71
1500	2	4	0.0546	0	2.66
1525	5	6	0.106	0	2.72
1550	6	6	0.556	1	2.69
1575	4	4	0.694	1	2.71
1600	5	5	0.382	1	2.66
1625	3	2	0.331	0	2.72
1650	7	7	0.866	1	2.66
1675	2	6	0.0688	0	2.76
1700	3	3	0.7	1	2.74
1725	9	9	0.715	1	2.72
1750	5	5	0.645	1	2.71
1775	8	8	0.481	1	2.73
1800	2	2	0.955	1	2.72
1825	7	7	0.0791	1	2.72
1850	2	2	0.104	1	2.74
1875	5	-1	0.0	0	2.67
1900	7	7	0.978	1	2.78
1925	4	4	0.525	1	2.73
1950	0	0	0.133	1	2.69
1975	9	9	0.978	1	2.67
2000	7	7	0.591	1	2.78
2025	3	-1	0.0	0	2.78
2050	6	6	0.25	1	2.75
2075	7	7	0.65	1	2.73
2100	6	6	0.846	1	2.75
2125	5	-1	0.0	0	2.73
2150	6	6	0.298	1	2.72
2175	4	4	0.378	1	2.73
2200	1	1	0.573	1	2.75
2225	4	4	0.509	1	2.74
2250	1	1	0.394	1	2.74
2275	7	7	0.348	1	2.75
2300	4	4	0.214	1	2.74
2325	8	8	0.869	1	2.74
2350	0	0	0.274	1	2.75
2375	3	3	0.121	1	2.74
2400	6	6	0.413	1	2.74
2425	3	3	0.0429	1	2.74
2450	4	4	0.284	1	2.74
2475	6	6	0.422	1	2.77
2500	5	5	0.218	1	2.75
2525	3	3	0.0423	1	2.75
2550	2	-1	0.0	0	2.74
2575	2	2	0.16	1	2.75
2600	1	1	0.683	1	2.76
2625	6	6	0.101	1	2.75
2650	6	6	0.203	1	2.75
2675	0	0	0.132	1	2.76
2700	7	7	0.205	1	2.76
2725	4	4	0.325	1	2.76
2750	7	5	0.0726	0	2.76
2775	1	1	0.978	1	2.74
2800	1	9	0.211	0	2.71
2825	1	1	0.92	1	2.8
2850	5	2	0.333	0	2.76
2875	2	2	0.2	1	2.76
2900	4	4	0.551	1	2.75
2925	6	6	0.086	1	2.76
2950	0	-1	0.0	0	2.76
2975	2	2	0.356	1	2.77
3000	3	-1	0.0	0	2.75
3025	1	1	0.929	1	2.76
3050	7	7	0.811	1	2.75
3075	9	9	0.851	1	2.76
3100	3	3	0.25	1	2.77
3125	3	3	0.165	1	2.74
3150	7	7	0.191	1	2.77
3175	9	9	0.734	1	2.76
3200	6	6	0.562	1	2.76
3225	4	4	0.317	1	2.76
3250	8	8	0.6	1	2.77
3275	7	7	0.622	1	2.75
3300	4	4	0.844	1	2.78
3325	2	2	0.345	1	2.8
3350	8	8	0.496	1	2.77
3375	0	0	0.303	1	2.77
3400	7	7	0.978	1	2.78
3425	8	0	0.0499	0	2.77
3450	7	7	0.978	1	2.76
3475	3	3	0.0936	1	2.75
3500	6	6	0.694	1	2.77
3525	6	6	0.0945	1	2.77
3550	3	3	0.205	1	2.75
3575	3	3	0.276	1	2.78
3600	9	-1	0.0	0	2.77
3625	8	8	0.978	1	2.77
3650	3	3	0.719	1	2.76
3675	2	2	0.941	1	2.76
3700	9	9	0.585	1	2.77
3725	0	0	0.497	1	2.76
3750	4	4	0.689	1	2.77
3775	6	6	0.41	1	2.78
3800	8	8	0.929	1	2.77
3825	6	6	0.941	1	2.78
3850	9	3	0.0925	0	2.75
3875	3	3	0.873	1	2.79
3900	0	-1	0.0	0	2.79
3925	4	4	0.717	1	2.78
3950	8	8	0.419	1	2.79
3975	7	7	0.9	1	2.78
4000	5	5	0.803	1	2.76
4025	3	5	0.592	0	2.77
4050	1	9	0.252	0	2.76
4075	7	7	0.695	1	2.78
4100	1	1	0.796	1	2.75
4125	5	3	0.0416	0	2.78
4150	9	9	0.111	1	2.78
4175	4	4	0.716	1	2.77
4200	1	1	0.978	1	2.76
4225	8	8	0.833	1	2.77
4250	1	1	0.456	1	2.78
4275	5	3	0.00144	0	2.77
4300	8	8	0.978	1	2.75
4325	7	7	0.273	1	2.8
4350	3	3	0.757	1	2.77
4375	2	2	0.955	1	2.76
4400	4	4	0.529	1	2.79
4425	2	2	0.26	1	2.77
4450	6	6	0.181	1	2.75
4475	3	3	0.444	1	2.8
4500	1	1	0.929	1	2.77
4525	2	2	0.276	1	2.78
4550	6	2	0.0334	0	2.77
4575	8	8	0.941	1	2.77
4600	5	5	0.626	1	2.77
4625	1	1	0.806	1	2.77
4650	7	7	0.9	1	2.77
4675	9	9	0.254	1	2.77
4700	2	2	0.929	1	2.77
4725	4	4	0.92	1	2.78
4750	4	4	0.434	1	2.77
4775	1	1	0.321	1	2.8
4800	8	8	0.885	1	2.77
4825	8	3	0.264	0	2.78
4850	5	5	0.978	1	2.78
4875	6	6	0.518	1	2.78
4900	7	7	0.67	1	2.79
4925	0	0	0.718	1	2.78
4950	3	3	0.499	1	2.77
4975	8	8	0.873	1	2.76
5000	6	4	0.0425	0	2.78
5025	6	6	0.645	1	2.77
5050	0	0	0.306	1	2.78
5075	4	-1	0.0	0	2.78
5100	5	5	0.112	1	2.78
5125	1	1	0.635	1	2.77
5150	2	5	0.134	0	2.77
5175	5	2	0.138	0	2.79
5200	7	7	0.0831	1	2.77
5225	4	4	0.04	1	2.8
5250	8	8	0.554	1	2.75
5275	9	9	0.552	1	2.77
5300	9	9	0.906	1	2.79
5325	7	7	0.0444	1	2.79
5350	4	6	0.00227	0	2.76
5375	6	6	0.686	1	2.77
5400	3	3	0.347	1	2.78
5425	3	3	0.0442	1	2.79
5450	3	3	0.0747	1	2.78
5475	3	3	0.457	1	2.79
5500	5	5	0.448	1	2.77
5525	7	2	0.187	0	2.77
5550	2	-1	0.0	0	2.76
5575	2	2	0.692	1	2.78
5600	8	8	0.775	1	2.77
5625	4	4	0.338	1	2.78
5650	9	9	0.187	1	2.76
5675	8	8	0.477	1	2.79
5700	5	5	0.334	1	2.78
5725	3	3	0.338	1	2.75
5750	8	8	0.978	1	2.78
5775	0	0	0.978	1	2.78
5800	3	3	0.233	1	2.77
5825	2	2	0.173	1	2.79
5850	5	5	0.463	1	2.79
5875	8	8	0.731	1	2.77
5900	6	6	0.461	1	2.77
5925	7	7	0.844	1	2.77
5950	4	2	0.231	0	2.77
5975	1	1	0.745	1	2.78
6000	6	6	0.13	1	2.78
6025	6	6	0.284	1	2.77
6050	8	8	0.402	1	2.77
6075	0	0	0.851	1	2.77
6100	5	5	0.26	1	2.78
6125	6	6	0.835	1	2.77
6150	9	9	0.514	1	2.78
6175	4	4	0.677	1	2.79
6200	3	5	0.327	0	2.77
6225	8	8	0.315	1	2.77
6250	8	8	0.161	1	2.78
6275	9	9	0.863	1	2.79
6300	6	6	0.767	1	2.77
6325	1	1	0.461	1	2.77
6350	6	6	0.366	1	2.78
6375	1	1	0.543	1	2.78
6400	0	0	0.978	1	2.78
6425	0	0	0.296	1	2.75
6450	4	-1	0.0	0	2.79
6475	4	4	0.831	1	2.77
6500	6	6	0.418	1	2.77
6525	9	9	0.941	1	2.77
6550	1	1	0.9	1	2.77
6575	5	3	0.136	0	2.8
6600	7	7	0.454	1	2.77
6625	9	9	0.132	1	2.79
6650	0	0	0.978	1	2.78
6675	5	5	0.859	1	2.78
6700	3	3	0.00775	1	2.77
6725	1	1	0.635	1	2.79
6750	6	6	0.339	1	2.8
6775	8	8	0.978	1	2.64
6800	7	7	0.873	1	2.75
6825	8	8	0.88	1	2.94
6850	7	5	0.159	0	2.81
6875	4	7	0.0406	0	2.8
6900	9	9	0.608	1	2.77
6925	6	6	0.978	1	2.8
6950	4	4	0.978	1	2.77
6975	8	8	0.929	1	2.79
7000	5	5	0.721	1	2.78
7025	6	6	0.603	1	2.77
7050	3	3	0.655	1	2.76
7075	3	3	0.226	1	2.78
7100	4	-1	0.0	0	2.78
7125	3	3	0.781	1	2.78
7150	5	5	0.906	1	2.78
7175	6	6	0.209	1	2.77
7200	3	3	0.00499	1	2.79
7225	0	-1	0.0	0	2.78
7250	6	6	0.0317	1	2.77
7275	2	2	0.357	1	2.75
7300	1	1	0.547	1	2.78
7325	7	7	0.955	1	2.77
7350	1	1	0.208	1	2.77
7375	1	1	0.978	1	2.77
7400	7	7	0.978	1	2.79
7425	5	5	0.765	1	2.79
7450	7	7	0.844	1	2.76
7475	1	1	0.384	1	2.77
7500	3	3	0.175	1	2.78
7525	2	2	0.268	1	2.78
7550	0	0	0.298	1	2.79
7575	6	6	0.4	1	2.78
7600	1	1	0.367	1	2.77
7625	4	4	0.484	1	2.77
7650	6	6	0.359	1	2.78
7675	6	6	0.418	1	2.77
7700	0	0	0.111	1	2.8
7725	7	7	0.807	1	2.78
7750	5	5	0.561	1	2.76
7775	4	2	0.0408	0	2.78
7800	7	7	0.978	1	2.78
7825	6	6	0.978	1	2.77
7850	2	2	0.453	1	2.79
7875	1	1	0.889	1	2.79
7900	8	8	0.839	1	2.77
7925	0	0	0.785	1	2.76
7950	6	6	0.713	1	2.78
7975	6	6	0.263	1	2.78
8000	3	3	0.143	1	2.76
8025	2	2	0.859	1	2.78
8050	5	4	0.067	0	2.79
8075	9	9	0.759	1	2.79
8100	2	4	0.305	0	2.76
8125	9	9	0.955	1	2.78
8150	8	8	0.55	1	2.76
8175	1	1	0.658	1	2.77
8200	0	0	0.553	1	2.79
8225	1	1	0.338	1	2.78
8250	8	8	0.321	1	2.77
8275	2	2	0.69	1	2.78
8300	1	1	0.334	1	2.75
8325	5	5	0.0821	1	2.75
8350	1	1	0.71	1	2.84
8375	4	4	0.176	1	2.77
8400	5	5	0.313	1	2.79
8425	0	0	0.978	1	2.77
8450	1	1	0.978	1	2.8
8475	1	1	0.857	1	2.77
8500	5	5	0.955	1	2.77
8525	8	8	0.366	1	2.78
8550	1	1	0.0641	1	2.78
8575	9	9	0.978	1	2.77
8600	1	1	0.955	1	2.78
8625	1	1	0.526	1	2.78
8650	9	9	0.0575	1	2.78
8675	5	5	0.913	1	2.78
8700	8	8	0.488	1	2.76
8725	9	9	0.39	1	2.78
8750	2	2	0.906	1	2.77
8775	8	8	0.689	1	2.78
8800	2	-1	0.0	0	2.79
8825	1	1	0.978	1	2.77
8850	9	9	0.324	1	2.77
8875	1	-1	0.0	0	2.78
8900	1	1	0.863	1	2.77
8925	0	0	0.388	1	2.8
8950	6	6	0.0517	1	2.77
8975	9	9	0.539	1	2.78
9000	4	4	0.146	1	2.78
9025	9	9	0.599	1	2.78
9050	6	6	0.452	1	2.76
9075	7	-1	0.0	0	2.79
9100	3	3	0.257	1	2.77
9125	6	6	0.393	1	2.76
9150	2	2	0.0769	1	2.76
9175	2	2	0.716	1	2.76
9200	6	6	0.296	1	2.78
9225	7	3	0.173	0	2.78
9250	4	4	0.844	1	2.79
9275	6	6	0.538	1	2.78
9300	3	3	0.269	1	2.78
9325	0	0	0.906	1	2.78
9350	2	3	0.0214	0	2.77
9375	0	0	0.369	1	2.78
9400	1	1	0.477	1	2.79
9425	9	9	0.496	1	2.78
9450	5	-1	0.0	0	2.77
9475	2	-1	0.0	0	2.77
9500	4	4	0.395	1	2.78
9525	0	0	0.955	1	2.77
9550	4	4	0.644	1	2.8
9575	6	6	0.622	1	2.77
9600	3	3	0.169	1	2.79
9625	6	6	0.688	1	2.76
9650	4	4	0.306	1	2.76
9675	8	8	0.0204	1	2.79
9700	3	3	0.397	1	2.8
9725	7	7	0.766	1	2.77
9750	4	4	0.322	1	2.76
9775	4	4	0.0282	1	2.8
9800	0	0	0.472	1	2.77
9825	9	9	0.207	1	2.77
9850	6	3	0.363	0	2.79
9875	5	3	0.431	0	2.78
9900	2	4	0.328	0	2.77
9925	0	0	0.581	1	2.78
9950	4	4	0.165	1	2.77
9975	8	8	0.778	1	2.74
10000	1	1	0.489	1	2.79
10025	6	-1	0.0	0	2.78
10050	0	0	0.565	1	2.78
10075	9	9	0.955	1	2.79
10100	1	1	0.846	1	2.77
10125	3	5	0.0759	0	2.78
10150	4	3	0.0444	0	2.78
10175	5	5	0.978	1	2.78
10200	6	6	0.426	1	2.76
10225	7	7	0.74	1	2.78
10250	4	4	0.0156	1	2.77
10275	0	0	0.863	1	2.79
10300	4	4	0.134	1	2.79
10325	1	1	0.955	1	2.78
10350	4	4	0.605	1	2.78
10375	9	9	0.955	1	2.79
10400	6	6	0.626	1	2.79
10425	0	0	0.854	1	2.77
10450	1	1	0.429	1	2.77
10475	8	8	0.664	1	2.77
10500	4	4	0.794	1	2.78
10525	4	4	0.205	1	2.76
10550	6	6	0.738	1	2.78
10575	3	3	0.317	1	2.78
10600	6	6	0.906	1	2.77
10625	8	8	0.553	1	2.72
10650	0	0	0.589	1	2.82
10675	0	0	0.428	1	2.78
10700	2	2	0.415	1	2.77
10725	2	2	0.106	1	2.78
10750	2	2	0.295	1	2.78
10775	8	8	0.238	1	2.79
10800	5	5	0.177	1	2.8
10825	3	3	0.0151	1	2.77
10850	9	0	0.23	0	2.78
10875	4	-1	0.0	0	2.77
10900	4	4	0.516	1	2.8
10925	4	4	0.663	1	2.79
10950	4	4	0.103	1	2.77
10975	8	8	0.657	1	2.8
11000	1	1	0.955	1	2.78
11025	3	3	0.315	1	2.78
11050	2	2	0.131	1	2.78
11075	1	1	0.614	1	2.77
11100	0	0	0.398	1	2.78
11125	4	4	0.165	1	2.77
11150	6	6	0.876	1	2.77
11175	2	2	0.78	1	2.78
11200	8	8	0.562	1	2.77
11225	9	-1	0.0	0	2.79
11250	4	4	0.339	1	2.78
11275	9	9	0.397	1	2.77
11300	7	7	0.479	1	2.78
11325	0	0	0.172	1	2.79
11350	7	7	0.842	1	2.76
11375	5	5	0.535	1	2.78
11400	0	0	0.655	1	2.75
11425	0	0	0.978	1	2.79
11450	5	-1	0.0	0	2.78
11475	0	0	0.978	1	2.76
11500	2	3	0.0607	0	2.79
11525	5	5	0.32	1	2.77
11550	4	-1	0.0	0	2.78
11575	5	4	0.274	0	2.77
11600	5	5	0.506	1	2.78
11625	3	3	0.458	1	2.77
11650	2	0	0.0967	0	2.78
11675	6	-1	0.0	0	2.78
11700	9	9	0.913	1	2.77
11725	5	5	0.263	1	2.7
11750	1	1	0.249	1	2.83
11775	0	0	0.866	1	2.8
11800	6	6	0.00932	1	2.8
11825	2	2	0.66	1	2.78
11850	1	1	0.328	1	2.79
11875	6	6	0.438	1	2.77
11900	8	8	0.453	1	2.77
11925	4	4	0.826	1	2.77
11950	7	7	0.055	1	2.79
11975	0	0	0.665	1	2.78
12000	6	6	0.564	1	2.77
12025	1	1	0.929	1	2.78
12050	3	3	0.109	1	2.78
12075	4	4	0.568	1	2.78
12100	1	1	0.955	1	2.78
12125	8	8	0.24	1	2.77
12150	1	1	0.606	1	2.77
12175	8	8	0.326	1	2.77
12200	2	2	0.432	1	2.78
12225	3	3	0.377	1	2.78
12250	2	2	0.551	1	2.78
12275	1	1	0.929	1	2.78
12300	5	4	0.254	0	2.78
12325	0	0	0.978	1	2.78
12350	1	1	0.955	1	2.77
12375	0	0	0.978	1	2.79
12400	8	8	0.955	1	2.78
12425	3	3	0.136	1	2.77
12450	3	2	0.322	0	2.78
12475	3	-1	0.0	0	2.77
12500	3	3	0.411	1	2.78
12525	6	6	0.92	1	2.78
12550	6	3	0.127	0	2.76
12575	1	1	0.978	1	2.78
12600	8	8	0.514	1	2.79
12625	7	7	0.663	1	2.76
12650	8	8	0.41	1	2.79
12675	2	2	0.054	1	2.77
12700	9	9	0.929	1	2.77
12725	8	8	0.63	1	2.79
12750	3	5	0.522	0	2.78
12775	9	9	0.941	1	2.78
12800	1	1	0.92	1	2.78
12825	5	5	0.0382	1	2.79
12850	6	6	0.458	1	2.78
12875	1	1	0.154	1	2.78
12900	7	7	0.648	1	2.77
12925	7	7	0.00823	1	2.79
12950	9	9	0.0517	1	2.79
12975	4	4	0.204	1	2.76
13000	9	9	0.494	1	2.79
13025	4	4	0.36	1	2.77
13050	5	5	0.955	1	2.78
13075	2	0	0.544	0	2.75
13100	5	5	0.278	1	2.8
13125	9	9	0.65	1	2.77
13150	5	-1	0.0	0	2.77
13175	8	8	0.92	1	2.79
13200	7	7	0.55	1	2.77
13225	0	0	0.719	1	2.75
13250	2	6	0.062	0	2.79
13275	2	3	0.0696	0	2.8
13300	2	2	0.694	1	2.77
13325	8	8	0.978	1	2.78
13350	8	8	0.978	1	2.79
13375	5	5	0.626	1	2.77
13400	0	0	0.291	1	2.78
13425	8	8	0.885	1	2.78
13450	7	7	0.978	1	2.77
13475	9	9	0.75	1	2.77
13500	6	6	0.548	1	2.78
13525	7	7	0.978	1	2.78
13550	6	6	0.683	1	2.79
13575	0	0	0.0974	1	2.78
13600	6	6	0.595	1	2.78
13625	9	9	0.162	1	2.79
13650	0	0	0.0379	1	2.77
13675	2	2	0.567	1	2.78
13700	3	5	0.151	0	2.77
13725	3	3	0.145	1	2.79
13750	3	3	0.232	1	2.76
13775	7	7	0.828	1	2.78
13800	0	0	0.894	1	2.78
13825	6	6	0.111	1	2.79
13850	0	0	0.811	1	2.78
13875	4	4	0.304	1	2.8
13900	7	7	0.718	1	2.79
13925	3	3	0.199	1	2.78
13950	7	7	0.444	1	2.79
13975	7	5	0.225	0	2.78
14000	4	4	0.255	1	2.76
14025	0	0	0.154	1	2.79
14050	7	7	0.461	1	2.78
14075	4	4	0.288	1	2.79
14100	9	9	0.941	1	2.79
14125	3	8	0.142	0	2.76
14150	7	3	0.271	0	2.79
14175	2	2	0.955	1	2.76
14200	6	6	0.344	1	2.78
14225	3	5	0.243	0	2.79
14250	9	9	0.0772	1	2.8
14275	0	-1	0.0	0	2.77
14300	1	1	0.978	1	2.78
14325	0	0	0.753	1	2.78
14350	0	0	0.503	1	2.78
14375	7	7	0.929	1	2.77
14400	7	7	0.554	1	2.79
14425	1	1	0.257	1	2.78
14450	0	0	0.978	1	2.79
14475	9	3	0.0733	0	2.74
14500	2	-1	0.0	0	2.79
14525	9	9	0.678	1	2.77
14550	0	0	0.757	1	2.8
14575	3	-1	0.0	0	2.78
14600	4	4	0.285	1	2.77
14625	6	6	0.249	1	2.78
14650	5	5	0.88	1	2.79
14675	2	2	0.27	1	2.77
14700	5	5	0.473	1	2.77
14725	7	7	0.592	1	2.79
14750	5	5	0.575	1	2.78
14775	7	7	0.506	1	2.78
14800	3	5	0.202	0	2.78
14825	9	9	0.941	1	2.78
14850	5	3	0.0326	0	2.77
14875	5	3	0.272	0	2.78
14900	1	1	0.978	1	2.77
14925	4	4	0.48	1	2.8
14950	6	6	0.0781	1	2.77
14975	5	5	0.625	1	2.78
15000	0	0	0.77	1	2.78
15025	8	8	0.708	1	2.79
15050	6	3	0.0394	0	2.78
15075	6	-1	0.0	0	2.79
15100	1	1	0.642	1	2.79
15125	2	6	0.116	0	2.76
15150	9	9	0.435	1	2.8
15175	3	3	0.0384	1	2.77
15200	2	4	0.212	0	2.78
15225	0	0	0.955	1	2.78
15250	8	8	0.92	1	2.8
15275	1	1	0.773	1	2.78
15300	3	3	0.0455	1	2.78
15325	7	7	0.631	1	2.79
15350	9	9	0.978	1	2.79
15375	9	9	0.876	1	2.76
15400	7	7	0.45	1	2.73
15425	1	1	0.512	1	2.84
15450	5	3	0.705	0	2.78
15475	5	5	0.183	1	2.79
15500	0	0	0.606	1	2.79
15525	4	4	0.978	1	2.77
15550	7	-1	0.0	0	2.78
15575	5	5	0.354	1	2.77
15600	6	6	0.859	1	2.79
15625	4	4	0.199	1	2.78
15650	6	2	0.359	0	2.78
15675	6	6	0.2	1	2.78
15700	2	2	0.421	1	2.78
15725	9	9	0.593	1	2.77
15750	9	9	0.744	1	2.8
15775	5	3	0.0945	0	2.79
15800	6	6	0.425	1	2.78
15825	9	9	0.153	1	2.78
15850	7	5	0.0725	0	2.78
15875	6	6	0.652	1	2.78
15900	0	0	0.955	1	2.77
15925	4	4	0.477	1	2.77
15950	1	1	0.44	1	2.79
15975	2	2	0.102	1	2.78
16000	7	7	0.434	1	2.78
16025	7	7	0.628	1	2.77
16050	2	2	0.39	1	2.78
16075	0	0	0.166	1	2.79
16100	0	0	0.67	1	2.76
16125	8	8	0.334	1	2.78
16150	5	5	0.453	1	2.8
16175	7	7	0.283	1	2.76
16200	4	4	0.37	1	2.78
16225	0	8	0.17	0	2.77
16250	1	1	0.713	1	2.76
16275	1	1	0.978	1	2.78
16300	7	7	0.978	1	2.79
16325	1	1	0.955	1	2.77
16350	7	7	0.978	1	2.78
16375	0	0	0.741	1	2.79
16400	1	1	0.623	1	2.78
16425	8	8	0.387	1	2.77
16450	0	0	0.889	1	2.77
16475	6	5	0.0339	0	2.79
16500	6	6	0.162	1	2.79
16525	4	6	0.148	0	2.78
16550	7	7	0.306	1	2.77
16575	1	1	0.978	1	2.78
16600	7	7	0.0749	1	2.78
16625	0	0	0.424	1	2.76
16650	8	8	0.553	1	2.79
16675	6	6	0.244	1	2.77
16700	8	8	0.387	1	2.78
16725	9	9	0.866	1	2.77
16750	7	7	0.335	1	2.79
16775	8	8	0.295	1	2.78
16800	1	1	0.549	1	2.78
16825	0	0	0.978	1	2.77
16850	1	1	0.829	1	2.78
16875	2	7	0.294	0	2.79
16900	2	2	0.347	1	2.79
16925	1	1	0.154	1	2.78
16950	3	6	0.0798	0	2.78
16975	9	9	0.11	1	2.77
17000	6	6	0.482	1	2.78
17025	6	-1	0.0	0	2.79
17050	7	7	0.466	1	2.77
17075	6	6	0.625	1	2.77
17100	0	0	0.578	1	2.79
17125	8	8	0.978	1	2.78
17150	4	4	0.425	1	2.79
17175	5	0	0.232	0	2.78
17200	0	0	0.598	1	2.78
17225	8	8	0.286	1	2.77
17250	8	8	0.107	1	2.78
17275	1	1	0.514	1	2.76
17300	3	-1	0.0	0	2.8
17325	2	2	0.502	1	2.75
17350	4	4	0.344	1	2.8
17375	5	-1	0.0	0	2.78
17400	5	4	0.0434	0	2.8
17425	5	5	0.824	1	2.79
17450	4	4	0.955	1	2.78
17475	1	1	0.766	1	2.77
17500	4	4	0.444	1	2.79
17525	0	0	0.28	1	2.77
17550	4	4	0.274	1	2.78
17575	7	7	0.978	1	2.78
17600	9	9	0.287	1	2.78
17625	8	8	0.401	1	2.79
17650	3	3	0.0719	1	2.76
17675	6	6	0.201	1	2.79
17700	1	1	0.0214	1	2.78
17725	4	4	0.136	1	2.78
17750	1	1	0.978	1	2.8
17775	7	7	0.505	1	2.79
17800	4	4	0.536	1	2.77
17825	5	-1	0.0	0	2.77
17850	2	2	0.295	1	2.78
17875	9	9	0.484	1	2.78
17900	2	-1	0.0	0	2.75
17925	6	6	0.718	1	2.79
17950	1	1	0.813	1	2.79
17975	9	9	0.707	1	2.77
18000	9	9	0.978	1	2.78
18025	6	-1	0.0	0	2.78
18050	6	6	0.978	1	2.77
18075	2	2	0.267	1	2.78
18100	0	0	0.626	1	2.77
18125	8	8	0.214	1	2.79
18150	5	5	0.608	1	2.78
18175	9	9	0.399	1	2.78
18200	0	0	0.497	1	2.78
18225	2	2	0.6	1	2.79
18250	6	6	0.793	1	2.77
18275	2	2	0.851	1	2.79
18300	4	4	0.459	1	2.78
18325	6	5	0.179	0	2.79
18350	7	7	0.642	1	2.78
18375	2	2	0.167	1	2.78
18400	3	3	0.913	1	2.79
18425	1	1	0.777	1	2.78
18450	4	4	0.381	1	2.77
18475	5	4	0.384	0	2.78
18500	7	7	0.978	1	2.78
18525	0	0	0.859	1	2.77
18550	4	-1	0.0	0	2.79
18575	5	5	0.0473	1	2.78
18600	5	5	0.409	1	2.77
18625	1	1	0.276	1	2.81
18650	2	4	0.0738	0	2.76
18675	8	8	0.707	1	2.78
18700	8	8	0.751	1	2.78
18725	8	8	0.108	1	2.77
18750	9	9	0.0543	1	2.78
18775	7	7	0.514	1	2.76
18800	9	9	0.413	1	2.78
18825	1	1	0.393	1	2.78
18850	9	9	0.226	1	2.78
18875	4	4	0.777	1	2.79
18900	0	0	0.114	1	2.78
18925	0	0	0.454	1	2.78
18950	8	8	0.47	1	2.77
18975	7	-1	0.0	0	2.77
19000	6	6	0.594	1	2.77
19025	3	5	0.304	0	2.76
19050	9	9	0.906	1	2.8
19075	3	3	0.685	1	2.78
19100	9	9	0.717	1	2.78
19125	1	1	0.704	1	2.8
19150	5	5	0.242	1	2.76
19175	8	8	0.684	1	2.77
19200	7	7	0.978	1	2.78
19225	2	2	0.821	1	2.78
19250	7	7	0.48	1	2.77
19275	6	6	0.52	1	2.78
19300	7	7	0.978	1	2.78
19325	7	7	0.885	1	2.79
19350	5	3	0.00337	0	2.79
19375	3	3	0.0676	1	2.79
19400	4	4	0.538	1	2.76
19425	2	2	0.629	1	2.76
19450	1	1	0.978	1	2.78
19475	4	4	0.359	1	2.77
19500	1	1	0.535	1	2.76
19525	9	9	0.394	1	2.78
19550	1	1	0.382	1	2.78
19575	1	1	0.728	1	2.79
19600	7	7	0.794	1	2.78
19625	9	9	0.459	1	2.8
19650	4	4	0.269	1	2.76
19675	6	6	0.372	1	2.77
19700	2	4	0.00785	0	2.77
19725	8	8	0.353	1	2.78
19750	3	3	0.0985	1	2.79
19775	8	8	0.591	1	2.78
19800	5	5	0.0804	1	2.78
19825	5	-1	0.0	0	2.77
19850	7	7	0.88	1	2.77
19875	3	3	0.501	1	2.78
19900	5	6	0.0617	0	2.78
19925	5	5	0.692	1	2.79
19950	2	2	0.0205	1	2.77
19975	8	8	0.742	1	2.77
20000	8	8	0.434	1	2.78
20025	6	1	0.0398	0	2.77
20050	3	3	0.616	1	2.78
20075	5	4	0.335	0	2.8
20100	8	-1	0.0	0	2.77
20125	2	2	0.383	1	2.78
20150	8	8	0.782	1	2.79
20175	7	7	0.4	1	2.78
20200	5	5	0.628	1	2.77
20225	6	6	0.265	1	2.78
20250	9	9	0.474	1	2.78
20275	0	0	0.978	1	2.77
20300	8	8	0.563	1	2.78
20325	4	4	0.00325	1	2.79
20350	8	8	0.978	1	2.78
20375	8	8	0.322	1	2.77
20400	8	8	0.697	1	2.77
20425	3	-1	0.0	0	2.77
20450	4	4	0.476	1	2.78
20475	1	1	0.757	1	2.83
20500	8	8	0.569	1	2.77
20525	3	3	0.525	1	2.77
20550	7	7	0.636	1	2.77
20575	4	-1	0.0	0	2.78
20600	9	9	0.499	1	2.79
20625	3	3	0.678	1	2.79
20650	8	8	0.273	1	2.78
20675	9	9	0.859	1	2.78
20700	2	2	0.276	1	2.78
20725	1	1	0.218	1	2.79
20750	1	6	0.24	0	2.77
20775	6	-1	0.0	0	2.77
20800	6	6	0.763	1	2.79
20825	9	9	0.677	1	2.78
20850	2	-1	0.0	0	2.78
20875	8	0	0.0966	0	2.77
20900	7	7	0.38	1	2.78
20925	9	9	0.849	1	2.76
20950	6	4	0.0793	0	2.78
20975	6	2	0.298	0	2.82
21000	0	0	0.405	1	2.77
21025	7	7	0.734	1	2.78
21050	8	8	0.549	1	2.77
21075	5	5	0.0642	1	2.77
21100	7	7	0.673	1	2.78
21125	6	6	0.536	1	2.79
21150	1	1	0.409	1	2.78
21175	8	8	0.634	1	2.79
21200	6	6	0.453	1	2.78
21225	7	7	0.417	1	2.76
21250	3	5	0.136	0	2.78
21275	0	2	0.0482	0	2.8
21300	9	9	0.179	1	2.79
21325	5	5	0.13	1	2.77
21350	9	9	0.873	1	2.77
21375	9	9	0.759	1	2.78
21400	3	3	0.103	1	2.79
21425	4	4	0.285	1	2.78
21450	5	5	0.758	1	2.77
21475	6	6	0.445	1	2.73
21500	2	2	0.978	1	2.81
21525	4	4	0.496	1	2.78
21550	2	2	0.828	1	2.79
21575	9	9	0.485	1	2.77
21600	9	9	0.419	1	2.78
21625	3	3	0.334	1	2.77
21650	2	2	0.179	1	2.75
21675	1	1	0.978	1	2.8
21700	9	9	0.284	1	2.77
21725	2	2	0.913	1	2.79
21750	2	2	0.0119	1	2.76
21775	9	9	0.978	1	2.78
21800	6	6	0.782	1	2.8
21825	0	0	0.672	1	2.76
21850	1	1	0.25	1	2.77
21875	7	7	0.336	1	2.77
21900	2	2	0.28	1	2.78
21925	2	-1	0.0	0	2.78
21950	4	4	0.173	1	2.78
21975	0	0	0.0282	1	2.79
22000	8	8	0.978	1	2.79
22025	3	3	0.941	1	2.77
22050	4	-1	0.0	0	2.79
22075	9	9	0.3	1	2.78
22100	6	3	0.0653	0	2.75
22125	3	3	0.798	1	2.8
22150	9	9	0.396	1	2.79
22175	1	1	0.683	1	2.76
22200	0	0	0.709	1	2.79
22225	5	5	0.725	1	2.77
22250	2	2	0.978	1	2.78
22275	2	-1	0.0	0	2.78
22300	8	8	0.134	1	2.79
22325	7	3	0.118	0	2.77
22350	0	0	0.72	1	2.77
22375	2	2	0.0633	1	2.78
22400	8	8	0.726	1	2.78
22425	3	3	0.236	1	2.78
22450	1	1	0.0868	1	2.79
22475	9	9	0.873	1	2.78
22500	1	1	0.322	1	2.78
22525	6	6	0.264	1	2.78
22550	6	6	0.511	1	2.8
22575	4	4	0.531	1	2.75
22600	8	8	0.267	1	2.79
22625	7	7	0.978	1	2.78
22650	5	5	0.182	1	2.79
22675	1	-1	0.0	0	2.78
22700	3	3	0.773	1	2.78
22725	7	7	0.978	1	2.78
22750	4	4	0.638	1	2.78
22775	5	5	0.73	1	2.78
22800	0	0	0.873	1	2.77
22825	4	4	0.0212	1	2.78
22850	3	3	0.563	1	2.79
22875	0	0	0.292	1	2.76
22900	1	1	0.0259	1	2.77
22925	9	9	0.375	1	2.79
22950	9	-1	0.0	0	2.77
22975	1	1	0.941	1	2.79
23000	7	7	0.703	1	2.77
23025	6	6	0.0273	1	2.79
23050	6	-1	0.0	0	2.76
23075	9	9	0.745	1	2.78
23100	1	2	0.00719	0	2.8
23125	8	8	0.885	1	2.78
23150	5	5	0.336	1	2.78
23175	0	0	0.294	1	2.78
23200	4	3	0.2	0	2.78
23225	9	9	0.978	1	2.78
23250	3	3	0.0616	1	2.78
23275	1	1	0.759	1	2.77
23300	1	1	0.331	1	2.78
23325	9	9	0.768	1	2.77
23350	4	4	0.256	1	2.78
23375	6	-1	0.0	0	2.78
23400	9	9	0.894	1	2.78
23425	1	1	0.781	1	2.78
23450	2	2	0.287	1	2.78
23475	3	3	0.458	1	2.78
23500	1	-1	0.0	0	2.78
23525	4	-1	0.0	0	2.78
23550	9	9	0.906	1	2.77
23575	9	9	0.305	1	2.78
23600	7	7	0.92	1	2.77
23625	8	8	0.135	1	2.78
23650	2	2	0.889	1	2.77
23675	7	7	0.602	1	2.79
23700	3	6	0.203	0	2.76
23725	8	8	0.593	1	2.77
23750	7	7	0.0384	1	2.8
23775	2	0	0.894	0	2.8
23800	5	5	0.0319	1	2.78
23825	0	8	0.131	0	2.78
23850	1	1	0.194	1	2.8
23875	9	1	0.274	0	2.78
23900	1	1	0.748	1	2.78
23925	7	7	0.227	1	2.78
23950	2	-1	0.0	0	2.77
23975	9	9	0.433	1	2.78
24000	6	6	0.955	1	2.76
24025	7	7	0.582	1	2.78
24050	7	7	0.321	1	2.79
24075	1	1	0.716	1	2.79
24100	3	4	0.00546	0	2.78
24125	9	9	0.232	1	2.78
24150	8	8	0.929	1	2.76
24175	9	9	0.978	1	2.79
24200	1	1	0.824	1	2.78
24225	6	6	0.781	1	2.77
24250	4	4	0.731	1	2.79
24275	6	6	0.000549	1	2.77
24300	0	0	0.534	1	2.79
24325	0	0	0.978	1	2.78
24350	8	8	0.262	1	2.78
24375	1	1	0.717	1	2.77
24400	1	1	0.941	1	2.77
24425	1	1	0.978	1	2.78
24450	1	1	0.978	1	2.78
24475	6	6	0.674	1	2.77
24500	2	2	0.207	1	2.78
24525	4	-1	0.0	0	2.78
24550	9	9	0.597	1	2.78
24575	5	5	0.371	1	2.77
24600	0	0	0.452	1	2.78
24625	1	1	0.978	1	2.78
24650	5	3	0.672	0	2.78
24675	7	7	0.929	1	2.78
24700	0	0	0.869	1	2.78
24725	1	1	0.978	1	2.78
24750	0	0	0.51	1	2.78
24775	3	3	0.548	1	2.78
24800	6	6	0.664	1	2.8
24825	8	-1	0.0	0	2.78
24850	7	7	0.147	1	2.77
24875	5	5	0.0458	1	2.77
24900	4	4	0.509	1	2.78
24925	4	4	0.169	1	2.77
24950	6	6	0.68	1	2.79
24975	1	1	0.583	1	2.76
25000	6	6	0.532	1	2.8
25025	6	6	0.829	1	2.79
25050	1	9	0.0821	0	2.79
25075	5	-1	0.0	0	2.77
25100	1	1	0.854	1	2.79
25125	2	2	0.552	1	2.77
25150	1	1	0.889	1	2.79
25175	2	2	0.45	1	2.78
25200	2	-1	0.0	0	2.77
25225	8	8	0.653	1	2.77
25250	4	4	0.381	1	2.77
25275	0	0	0.0809	1	2.79
25300	1	1	0.906	1	2.8
25325	9	-1	0.0	0	2.78
25350	0	-1	0.0	0	2.77
25375	9	9	0.978	1	2.79
25400	2	6	0.137	0	2.79
25425	5	3	0.0322	0	2.77
25450	8	8	0.758	1	2.78
25475	6	6	0.978	1	2.78
25500	6	2	0.0366	0	2.77
25525	4	4	0.732	1	2.79
25550	5	5	0.231	1	2.77
25575	7	7	0.655	1	2.79
25600	1	1	0.382	1	2.78
25625	1	1	0.929	1	2.77
25650	2	-1	0.0	0	2.78
25675	4	4	0.873	1	2.77
25700	1	1	0.978	1	2.76
25725	8	8	0.185	1	2.79
25750	1	1	0.111	1	2.78
25775	5	5	0.152	1	2.78
25800	9	9	0.281	1	2.77
25825	3	-1	0.0	0	2.79
25850	6	6	0.341	1	2.76
25875	5	5	0.314	1	2.77
25900	6	-1	0.0	0	2.78
25925	5	5	0.727	1	2.78
25950	3	3	0.424	1	2.78
25975	1	1	0.978	1	2.79
26000	0	0	0.657	1	2.79
26025	6	-1	0.0	0	2.78
26050	9	9	0.955	1	2.79
26075	6	6	0.725	1	2.78
26100	4	4	0.362	1	2.76
26125	5	5	0.337	1	2.77
26150	9	9	0.685	1	2.78
26175	2	2	0.405	1	2.78
26200	0	0	0.798	1	2.8
26225	8	8	0.698	1	2.76
26250	8	8	0.869	1	2.78
26275	6	6	0.584	1	2.78
26300	0	0	0.461	1	2.77
26325	5	-1	0.0	0	2.79
26350	1	1	0.62	1	2.77
26375	1	1	0.74	1	2.78
26400	2	2	0.335	1	2.77
26425	2	2	0.774	1	2.77
26450	1	1	0.859	1	2.8
26475	4	4	0.475	1	2.78
26500	2	2	0.124	1	2.77
26525	3	3	0.239	1	2.77
26550	1	1	0.809	1	2.78
26575	3	3	0.18	1	2.78
26600	9	9	0.955	1	2.78
26625	9	3	0.0109	0	2.8
26650	9	9	0.602	1	2.79
26675	3	3	0.18	1	2.77
26700	5	5	0.505	1	2.8
26725	6	6	0.876	1	2.79
26750	2	2	0.955	1	2.78
26775	5	5	0.628	1	2.78
26800	6	6	0.259	1	2.77
26825	9	9	0.198	1	2.79
26850	4	4	0.978	1	2.78
26875	9	9	0.796	1	2.79
26900	3	6	0.378	0	2.76
26925	8	8	0.978	1	2.77
26950	1	1	0.608	1	2.77
26975	4	-1	0.0	0	2.77
27000	0	0	0.869	1	2.78
27025	9	9	0.695	1	2.79
27050	4	4	0.756	1	2.79
27075	0	0	0.649	1	2.77
27100	4	4	0.259	1	2.79
27125	5	5	0.236	1	2.78
27150	5	5	0.232	1	2.77
27175	0	0	0.766	1	2.78
27200	1	1	0.654	1	2.78
27225	5	5	0.789	1	2.78
27250	3	6	0.348	0	2.79
27275	3	-1	0.0	0	2.78
27300	5	5	0.06	1	2.78
27325	2	-1	0.0	0	2.79
27350	9	1	0.0543	0	2.78
27375	0	0	0.769	1	2.78
27400	7	7	0.345	1	2.78
27425	0	0	0.306	1	2.77
27450	6	-1	0.0	0	2.77
27475	3	3	0.466	1	2.76
27500	4	2	0.416	0	2.79
27525	3	3	0.324	1	2.79
27550	8	0	0.014	0	2.78
27575	9	9	0.955	1	2.78
27600	7	7	0.611	1	2.78
27625	1	1	0.837	1	2.8
27650	1	-1	0.0	0	2.77
27675	9	9	0.388	1	2.78
27700	1	1	0.941	1	2.78
27725	4	4	0.625	1	2.78
27750	2	2	0.49	1	2.78
27775	7	7	0.978	1	2.79
27800	2	6	0.208	0	2.78
27825	2	2	0.195	1	2.78
27850	0	-1	0.0	0	2.79
27875	4	4	0.0385	1	2.76
27900	9	9	0.676	1	2.79
27925	5	5	0.344	1	2.76
27950	5	-1	0.0	0	2.77
27975	9	-1	0.0	0	2.78
28000	0	0	0.869	1	2.8
28025	0	0	0.705	1	2.77
28050	3	-1	0.0	0	2.78
28075	3	4	0.0363	0	2.79
28100	4	4	0.567	1	2.79
28125	8	8	0.844	1	2.78
28150	7	7	0.978	1	2.78
28175	1	1	0.178	1	2.78
28200	4	4	0.259	1	2.77
28225	2	2	0.15	1	2.79
28250	4	4	0.92	1	2.79
28275	6	6	0.332	1	2.78
28300	0	0	0.859	1	2.78
28325	6	6	0.791	1	2.77
28350	5	3	0.345	0	2.76
28375	4	4	0.301	1	2.77
28400	0	0	0.0461	1	2.79
28425	5	5	0.0341	1	2.79
28450	8	8	0.9	1	2.76
28475	5	-1	0.0	0	2.78
28500	4	4	0.285	1	2.78
28525	0	0	0.0172	1	2.78
28550	5	3	0.172	0	2.78
28575	5	5	0.156	1	2.78
28600	4	4	0.285	1	2.79
28625	0	0	0.29	1	2.77
28650	0	0	0.978	1	2.78
28675	0	0	0.249	1	2.78
28700	3	3	0.045	1	2.78
28725	3	3	0.129	1	2.78
28750	0	0	0.978	1	2.78
28775	8	8	0.978	1	2.78
28800	8	8	0.363	1	2.78
28825	5	5	0.379	1	2.79
28850	9	9	0.614	1	2.78
28875	4	4	0.263	1	2.76
28900	5	5	0.978	1	2.77
28925	6	4	0.0732	0	2.79
28950	8	8	0.545	1	2.78
28975	1	1	0.978	1	2.78
29000	9	9	0.978	1	2.79
29025	9	1	0.137	0	2.76
29050	3	3	0.492	1	2.78
29075	8	8	0.17	1	2.77
29100	4	-1	0.0	0	2.8
29125	4	4	0.387	1	2.76
29150	2	2	0.58	1	2.78
29175	8	0	0.268	0	2.79
29200	3	3	0.233	1	2.77
29225	0	0	0.399	1	2.78
29250	4	4	0.327	1	2.75
29275	1	1	0.913	1	2.8
29300	2	-1	0.0	0	2.79
29325	1	1	0.978	1	2.79
29350	7	7	0.357	1	2.78
29375	6	6	0.955	1	2.78
29400	0	0	0.546	1	2.76
29425	5	5	0.287	1	2.79
29450	5	3	0.134	0	2.78
29475	8	8	0.737	1	2.78
29500	8	8	0.866	1	2.79
29525	4	4	0.359	1	2.77
29550	6	6	0.473	1	2.78
29575	5	5	0.789	1	2.76
29600	8	8	0.163	1	2.79
29625	2	2	0.772	1	2.78
29650	2	2	0.978	1	2.76
29675	1	1	0.551	1	2.79
29700	9	9	0.39	1	2.78
29725	8	8	0.851	1	2.78
29750	9	9	0.537	1	2.78
29775	5	5	0.978	1	2.79
29800	7	7	0.648	1	2.78
29825	9	9	0.419	1	2.8
29850	8	8	0.786	1	2.78
29875	1	1	0.405	1	2.78
29900	7	7	0.978	1	2.77
29925	2	-1	0.0	0	2.78
29950	3	-1	0.0	0	2.79
29975	7	7	0.978	1	2.77
30000	0	8	0.232	0	2.77
30025	2	2	0.6	1	2.77
30050	1	1	0.3	1	2.79
30075	7	4	0.084	0	2.76
30100	6	6	0.378	1	2.78
30125	4	4	0.315	1	2.79
30150	7	7	0.978	1	2.77
30175	9	9	0.529	1	2.78
30200	0	0	0.48	1	2.79
30225	4	4	0.837	1	2.78
30250	4	4	0.425	1	2.78
30275	5	-1	0.0	0	2.79
30300	4	5	0.111	0	2.77
30325	2	2	0.384	1	2.79
30350	6	6	0.753	1	2.79
30375	5	3	0.309	0	2.78
30400	0	0	0.02	1	2.77
30425	4	4	0.334	1	2.77
30450	4	4	0.213	1	2.78
30475	2	2	0.955	1	2.76
30500	5	-1	0.0	0	2.79
30525	9	9	0.661	1	2.79
30550	8	8	0.301	1	2.79
30575	0	0	0.268	1	2.77
30600	4	4	0.639	1	2.77
30625	6	6	0.688	1	2.77
30650	1	1	0.71	1	2.78
30675	9	1	0.145	0	2.82
30700	2	-1	0.0	0	2.78
30725	4	-1	0.0	0	2.77
30750	1	1	0.53	1	2.78
30775	9	9	0.601	1	2.77
30800	6	6	0.833	1	2.78
30825	7	7	0.634	1	2.79
30850	9	9	0.326	1	2.78
30875	4	4	0.226	1	2.78
30900	4	4	0.387	1	2.78
30925	7	7	0.794	1	2.79
30950	4	4	0.00172	1	2.77
30975	3	-1	0.0	0	2.77
31000	0	0	0.681	1	2.77
31025	6	6	0.492	1	2.79
31050	3	3	0.978	1	2.77
31075	4	4	0.0841	1	2.78
31100	1	1	0.978	1	2.77
31125	8	8	0.313	1	2.79
31150	3	3	0.333	1	2.79
31175	6	6	0.743	1	2.78
31200	5	-1	0.0	0	2.76
31225	5	5	0.071	1	2.79
31250	8	8	0.978	1	2.8
31275	2	2	0.68	1	2.77
31300	1	1	0.92	1	2.78
31325	6	3	0.212	0	2.78
31350	7	7	0.913	1	2.77
31375	2	2	0.647	1	2.8
31400	3	3	0.41	1	2.77
31425	8	8	0.978	1	2.77
31450	0	0	0.768	1	2.78
31475	2	-1	0.0	0	2.8
31500	6	6	0.325	1	2.76
31525	5	5	0.601	1	2.79
31550	2	4	0.174	0	2.77
31575	6	6	0.187	1	2.78
31600	0	0	0.52	1	2.79
31625	8	0	0.0881	0	2.78
31650	5	5	0.0125	1	2.76
31675	8	8	0.198	1	2.78
31700	0	0	0.66	1	2.78
31725	8	6	0.162	0	2.78
31750	4	4	0.0916	1	2.77
31775	4	4	0.16	1	2.77
31800	7	7	0.866	1	2.79
31825	3	3	0.829	1	2.78
31850	2	6	0.0263	0	2.79
31875	5	-1	0.0	0	2.77
31900	3	6	0.052	0	2.79
31925	1	1	0.179	1	2.78
31950	8	8	0.941	1	2.8
31975	3	-1	0.0	0	2.78
32000	7	7	0.15	1	2.77
32025	0	0	0.383	1	2.78
32050	4	4	0.287	1	2.77
32075	3	3	0.615	1	2.79
32100	4	4	0.549	1	2.79
32125	6	6	0.226	1	2.78
32150	7	7	0.978	1	2.78
32175	9	9	0.505	1	2.77
32200	8	8	0.694	1	2.77
32225	4	7	0.0184	0	2.78
32250	3	5	0.0341	0	2.77
32275	8	8	0.651	1	2.79
32300	4	4	0.497	1	2.79
32325	3	3	0.0687	1	2.77
32350	3	3	0.78	1	2.8
32375	2	2	0.716	1	2.77
32400	3	3	0.531	1	2.79
32425	5	5	0.978	1	2.77
32450	4	4	0.565	1	2.77
32475	8	8	0.0493	1	2.78
32500	6	2	0.0105	0	2.77
32525	4	4	0.233	1	2.78
32550	9	9	0.119	1	2.78
32575	9	9	0.265	1	2.78
32600	9	9	0.352	1	2.77
32625	5	2	0.263	0	2.8
32650	4	4	0.0981	1	2.77
32675	6	6	0.755	1	2.79
32700	7	7	0.869	1	2.78
32725	3	3	0.0732	1	2.78
32750	7	7	0.386	1	2.77
32775	0	0	0.576	1	2.76
32800	8	1	0.182	0	2.79
32825	3	6	0.169	0	2.78
32850	2	2	0.311	1	2.77
32875	7	7	0.522	1	2.79
32900	5	3	0.0622	0	2.77
32925	9	9	0.0739	1	2.79
32950	5	3	0.152	0	2.77
32975	6	6	0.0811	1	2.79
33000	0	0	0.389	1	2.78
33025	9	9	0.406	1	2.78
33050	1	1	0.769	1	2.77
33075	9	9	0.8	1	2.79
33100	3	3	0.0658	1	2.79
33125	5	5	0.0984	1	2.77
33150	7	7	0.571	1	2.77
33175	2	2	0.684	1	2.78
33200	9	9	0.0685	1	2.78
33225	8	8	0.978	1	2.78
33250	1	1	0.72	1	2.78
33275	3	5	0.137	0	2.79
33300	2	2	0.435	1	2.77
33325	0	0	0.68	1	2.79
33350	2	5	0.281	0	2.79
33375	3	-1	0.0	0	2.76
33400	6	6	0.262	1	2.8
33425	6	6	0.605	1	2.78
33450	7	7	0.394	1	2.79
33475	7	7	0.811	1	2.77
33500	8	8	0.448	1	2.78
33525	3	3	0.0832	1	2.76
33550	2	0	0.193	0	2.78
33575	2	2	0.492	1	2.7
33600	3	3	0.0959	1	2.85
33625	1	1	0.978	1	2.81
33650	1	1	0.761	1	2.79
33675	4	4	0.395	1	2.77
33700	0	0	0.978	1	2.79
33725	4	2	0.083	0	2.79
33750	0	0	0.4	1	2.75
33775	7	7	0.525	1	2.78
33800	5	5	0.613	1	2.78
33825	7	7	0.478	1	2.77
33850	7	7	0.941	1	2.8
33875	5	5	0.607	1	2.76
33900	9	9	0.829	1	2.8
33925	3	3	0.483	1	2.78
33950	0	0	0.502	1	2.79
33975	0	0	0.2	1	2.78
34000	3	3	0.469	1	2.79
34025	7	7	0.978	1	2.79
34050	2	2	0.978	1	2.77
34075	6	6	0.0298	1	2.77
34100	8	8	0.554	1	2.78
34125	0	0	0.564	1	2.78
34150	0	0	0.978	1	2.77
34175	9	9	0.546	1	2.78
34200	2	2	0.144	1	2.78
34225	3	6	0.254	0	2.78
34250	0	0	0.357	1	2.78
34275	7	7	0.978	1	2.77
34300	1	1	0.978	1	2.79
34325	2	6	0.0987	0	2.78
34350	4	4	0.415	1	2.79
34375	1	0	0.162	0	2.77
34400	1	1	0.594	1	2.79
34425	4	0	0.433	0	2.77
34450	4	4	0.941	1	2.78
34475	9	9	0.27	1	2.79
34500	0	0	0.828	1	2.8
34525	9	9	0.706	1	2.77
34550	6	-1	0.0	0	2.77
34575	4	2	0.0477	0	2.77
34600	2	2	0.146	1	2.77
34625	9	9	0.978	1	2.8
34650	3	3	0.978	1	2.77
34675	1	1	0.784	1	2.78
34700	1	1	0.292	1	2.8
34725	6	6	0.333	1	2.78
34750	0	0	0.595	1	2.77
34775	6	6	0.372	1	2.76
34800	9	9	0.955	1	2.8
34825	8	8	0.306	1	2.76
34850	1	1	0.0984	1	2.78
34875	6	6	0.0516	1	2.79
34900	7	7	0.727	1	2.78
34925	2	2	0.0171	1	2.78
34950	4	4	0.602	1	2.78
34975	9	9	0.674	1	2.78
35000	5	-1	0.0	0	2.79
35025	7	7	0.751	1	2.76
35050	4	4	0.135	1	2.77
35075	2	2	0.233	1	2.78
35100	3	8	0.494	0	2.79
35125	5	5	0.68	1	2.78
35150	8	8	0.227	1	2.78
35175	4	4	0.222	1	2.79
35200	5	-1	0.0	0	2.77
35225	6	6	0.929	1	2.78
35250	4	4	0.346	1	2.78
35275	7	7	0.574	1	2.77
35300	8	8	0.929	1	2.78
35325	0	0	0.652	1	2.79
35350	2	3	0.114	0	2.79
35375	3	3	0.278	1	2.78
35400	7	7	0.332	1	2.76
35425	8	-1	0.0	0	2.74
35450	4	4	0.619	1	2.82
35475	0	0	0.885	1	2.79
35500	3	5	0.274	0	2.78
35525	3	5	0.195	0	2.78
35550	1	1	0.831	1	2.77
35575	2	2	0.13	1	2.79
35600	6	6	0.467	1	2.77
35625	9	9	0.696	1	2.77
35650	7	7	0.036	1	2.77
35675	4	4	0.226	1	2.79
35700	0	1	0.173	0	2.79
35725	0	2	0.0447	0	2.74
35750	0	0	0.0285	1	2.8
35775	5	-1	0.0	0	2.78
35800	2	2	0.354	1	2.77
35825	8	8	0.913	1	2.77
35850	1	1	0.488	1	2.79
35875	3	3	0.504	1	2.78
35900	6	6	0.876	1	2.78
35925	4	-1	0.0	0	2.78
35950	6	6	0.402	1	2.78
35975	7	7	0.978	1	2.77
36000	3	6	0.192	0	2.77
36025	2	4	0.0836	0	2.78
36050	9	9	0.294	1	2.78
36075	5	5	0.757	1	2.77
36100	0	0	0.978	1	2.77
36125	2	2	0.653	1	2.77
36150	5	5	0.254	1	2.78
36175	0	0	0.978	1	2.78
36200	8	8	0.0654	1	2.79
36225	4	4	0.472	1	2.77
36250	9	9	0.752	1	2.79
36275	3	3	0.556	1	2.78
36300	2	2	0.978	1	2.78
36325	0	0	0.65	1	2.8
36350	5	5	0.226	1	2.76
36375	8	0	0.363	0	2.77
36400	1	1	0.717	1	2.79
36425	3	5	0.0273	0	2.78
36450	2	2	0.378	1	2.78
36475	9	9	0.906	1	2.78
36500	1	1	0.978	1	2.68
36525	6	6	0.526	1	2.84
36550	1	1	0.941	1	2.81
36575	4	7	0.112	0	2.79
36600	4	4	0.194	1	2.78
36625	6	6	0.364	1	2.78
36650	8	8	0.677	1	2.79
36675	2	2	0.209	1	2.79
36700	2	2	0.335	1	2.77
36725	3	3	0.291	1	2.77
36750	0	0	0.499	1	2.77
36775	7	7	0.813	1	2.79
36800	3	3	0.0305	1	2.77
36825	2	2	0.21	1	2.78
36850	1	1	0.492	1	2.78
36875	9	-1	0.0	0	2.76
36900	3	7	0.0651	0	2.78
36925	0	0	0.435	1	2.78
36950	1	1	0.876	1	2.79
36975	1	1	0.978	1	2.78
37000	7	2	0.0752	0	2.79
37025	4	4	0.839	1	2.78
37050	9	9	0.486	1	2.78
37075	4	4	0.000405	1	2.77
37100	7	7	0.309	1	2.77
37125	5	-1	0.0	0	2.78
37150	7	7	0.121	1	2.77
37175	3	3	0.857	1	2.79
37200	7	7	0.863	1	2.77
37225	9	9	0.467	1	2.76
37250	0	9	0.00758	0	2.81
37275	6	6	0.322	1	2.77
37300	3	3	0.118	1	2.79
37325	0	0	0.245	1	2.78
37350	3	8	0.0842	0	2.78
37375	5	5	0.0681	1	2.78
37400	9	9	0.978	1	2.77
37425	3	3	0.256	1	2.78
37450	4	4	0.701	1	2.79
37475	3	5	0.0223	0	2.67
37500	3	6	0.104	0	2.84
37525	7	7	0.248	1	2.81
37550	8	8	0.978	1	2.77
37575	9	1	0.288	0	2.8
37600	9	9	0.955	1	2.79
37625	6	6	0.528	1	2.76
37650	1	1	0.978	1	2.77
37675	3	4	0.0747	0	2.78
37700	3	3	0.689	1	2.77
37725	6	6	0.299	1	2.78
37750	5	5	0.0942	1	2.77
37775	4	4	0.0293	1	2.79
37800	7	7	0.801	1	2.79
37825	6	3	0.00955	0	2.8
37850	4	4	0.0568	1	2.77
37875	4	4	0.659	1	2.79
37900	5	5	0.0812	1	2.79
37925	2	2	0.0892	1	2.78
37950	0	-1	0.0	0	2.79
37975	9	9	0.338	1	2.79
38000	0	0	0.643	1	2.77
38025	7	3	0.0897	0	2.78
38050	6	6	0.58	1	2.77
38075	1	1	0.298	1	2.78
38100	3	-1	0.0	0	2.78
38125	6	3	0.128	0	2.76
38150	2	2	0.225	1	2.79
38175	1	1	0.341	1	2.78
38200	3	3	0.347	1	2.78
38225	7	7	0.599	1	2.8
38250	6	6	0.765	1	2.78
38275	3	3	0.774	1	2.77
38300	9	9	0.929	1	2.77
38325	7	7	0.978	1	2.78
38350	4	4	0.695	1	2.78
38375	4	4	0.338	1	2.77
38400	3	3	0.978	1	2.78
38425	7	7	0.248	1	2.78
38450	6	6	0.654	1	2.8
38475	6	6	0.511	1	2.77
38500	7	7	0.978	1	2.79
38525	8	8	0.403	1	2.77
38550	7	7	0.955	1	2.66
38575	7	7	0.978	1	2.75
38600	5	5	0.0164	1	2.89
38625	8	8	0.955	1	2.8
38650	1	1	0.393	1	2.79
38675	0	0	0.955	1	2.79
38700	8	8	0.621	1	2.78
38725	1	1	0.821	1	2.77
38750	2	3	0.441	0	2.77
38775	5	3	0.116	0	2.78
38800	8	8	0.785	1	2.77
38825	3	4	0.433	0	2.78
38850	8	8	0.978	1	2.78
38875	7	7	0.844	1	2.76
38900	0	0	0.941	1	2.8
38925	8	8	0.606	1	2.76
38950	1	1	0.0656	1	2.77
38975	5	5	0.955	1	2.8
39000	6	6	0.407	1	2.76
39025	9	9	0.45	1	2.79
39050	9	9	0.224	1	2.79
39075	8	8	0.117	1	2.77
39100	3	6	0.0894	0	2.78
39125	4	-1	0.0	0	2.8
39150	3	3	0.58	1	2.77
39175	3	3	0.721	1	2.77
39200	6	6	0.185	1	2.78
39225	5	-1	0.0	0	2.78
39250	1	1	0.279	1	2.78
39275	1	-1	0.0	0	2.78
39300	3	2	0.41	0	2.79
39325	3	2	0.118	0	2.77
39350	8	8	0.714	1	2.76
39375	3	-1	0.0	0	2.78
39400	7	7	0.123	1	2.77
39425	7	7	0.0209	1	2.78
39450	9	9	0.151	1	2.77
39475	5	4	0.111	0	2.78
39500	3	3	0.105	1	2.79
39525	5	5	0.608	1	2.79
39550	2	2	0.788	1	2.76
39575	3	3	0.0567	1	2.81
39600	9	9	0.227	1	2.79
39625	9	9	0.591	1	2.78
39650	0	0	0.507	1	2.78
39675	2	2	0.672	1	2.75
39700	7	7	0.873	1	2.76
39725	0	0	0.0458	1	2.81
39750	7	-1	0.0	0	2.79
39775	9	9	0.444	1	2.77
39800	1	1	0.309	1	2.78
39825	1	1	0.941	1	2.78
39850	3	3	0.929	1	2.78
39875	0	0	0.177	1	2.77
39900	6	6	0.00635	1	2.8
39925	2	2	0.595	1	2.8
39950	3	3	0.257	1	2.78
39975	5	-1	0.0	0	2.75
40000	1	1	0.978	1	2.82
40025	7	7	0.955	1	2.77
40050	9	9	0.978	1	2.78
40075	1	1	0.978	1	2.79
40100	9	9	0.604	1	2.76
40125	0	0	0.447	1	2.78
40150	0	0	0.735	1	2.79
40175	8	8	0.889	1	2.79
40200	6	-1	0.0	0	2.78
40225	2	-1	0.0	0	2.79
40250	1	1	0.869	1	2.8
40275	0	0	0.791	1	2.78
40300	7	7	0.978	1	2.76
40325	7	7	0.548	1	2.78
40350	9	2	0.252	0	2.78
40375	4	4	0.263	1	2.79
40400	3	3	0.745	1	2.77
40425	6	3	0.148	0	2.77
40450	9	9	0.629	1	2.79
40475	1	1	0.657	1	2.78
40500	8	8	0.906	1	2.77
40525	0	0	0.521	1	2.77
40550	4	4	0.6	1	2.8
40575	8	-1	0.0	0	2.79
40600	5	5	0.941	1	2.78
40625	2	2	0.363	1	2.77
40650	4	-1	0.0	0	2.76
40675	6	6	0.766	1	2.79
40700	8	8	0.978	1	2.78
40725	6	-1	0.0	0	2.78
40750	9	9	0.631	1	2.76
40775	3	6	0.0911	0	2.78
40800	5	7	0.369	0	2.73
40825	9	9	0.955	1	2.83
40850	6	6	0.32	1	2.78
40875	9	9	0.409	1	2.79
40900	2	2	0.0987	1	2.78
40925	8	8	0.581	1	2.69
40950	3	3	0.851	1	2.85
40975	2	2	0.42	1	2.82
41000	7	7	0.792	1	2.8
41025	5	5	0.978	1	2.79
41050	7	7	0.978	1	2.79
41075	1	1	0.894	1	2.77
41100	4	4	0.295	1	2.79
41125	2	0	0.227	0	2.78
41150	7	7	0.0912	1	2.79
41175	5	6	0.0485	0	2.78
41200	0	0	0.929	1	2.77
41225	8	8	0.913	1	2.77
41250	8	8	0.219	1	2.79
41275	6	6	0.586	1	2.79
41300	0	0	0.741	1	2.76
41325	2	2	0.287	1	2.78
41350	6	6	0.547	1	2.78
41375	8	8	0.978	1	2.78
41400	5	3	0.263	0	2.77
41425	5	5	0.788	1	2.79
41450	8	8	0.554	1	2.77
41475	5	5	0.978	1	2.79
41500	4	4	0.849	1	2.76
41525	1	1	0.816	1	2.78
41550	1	-1	0.0	0	2.79
41575	7	7	0.257	1	2.79
41600	0	0	0.978	1	2.77
41625	4	4	0.272	1	2.79
41650	6	6	0.285	1	2.76
41675	4	4	0.00832	1	2.78
41700	7	7	0.978	1	2.79
41725	3	3	0.652	1	2.8
41750	4	4	0.278	1	2.77
41775	2	-1	0.0	0	2.8
41800	0	0	0.894	1	2.78
41825	4	4	0.777	1	2.77
41850	7	7	0.323	1	2.79
41875	5	5	0.273	1	2.78
41900	0	0	0.978	1	2.75
41925	2	2	0.597	1	2.79
41950	8	0	0.133	0	2.78
41975	0	0	0.681	1	2.77
42000	9	9	0.671	1	2.78
42025	9	-1	0.0	0	2.79
42050	8	8	0.727	1	2.76
42075	7	7	0.978	1	2.78
42100	5	3	0.0481	0	2.79
42125	7	7	0.393	1	2.78
42150	1	1	0.929	1	2.77
42175	0	8	0.0663	0	2.76
42200	2	-1	0.0	0	2.79
42225	4	4	0.81	1	2.77
42250	6	6	0.247	1	2.77
42275	8	8	0.128	1	2.79
42300	8	8	0.587	1	2.77
42325	8	8	0.615	1	2.78
42350	4	-1	0.0	0	2.78
42375	4	7	0.0815	0	2.78
42400	0	0	0.474	1	2.78
42425	1	1	0.598	1	2.78
42450	2	0	0.142	0	2.77
42475	1	1	0.658	1	2.77
42500	7	7	0.955	1	2.78
42525	6	6	0.753	1	2.8
42550	7	7	0.251	1	2.79
42575	4	4	0.247	1	2.77
42600	2	2	0.691	1	2.78
42625	1	1	0.483	1	2.78
42650	3	3	0.227	1	2.77
42675	4	4	0.941	1	2.79
42700	4	4	0.386	1	2.77
42725	4	4	0.0117	1	2.77
42750	4	4	0.299	1	2.79
42775	2	2	0.303	1	2.78
42800	3	3	0.751	1	2.78
42825	3	3	0.225	1	2.78
42850	6	6	0.347	1	2.79
42875	9	9	0.649	1	2.78
42900	9	9	0.62	1	2.74
42925	1	1	0.978	1	2.81
42950	5	-1	0.0	0	2.79
42975	6	6	0.489	1	2.78
43000	5	-1	0.0	0	2.78
43025	5	5	0.211	1	2.77
43050	1	1	0.676	1	2.77
43075	5	5	0.187	1	2.78
43100	8	8	0.521	1	2.75
43125	0	0	0.839	1	2.81
43150	7	2	0.0127	0	2.78
43175	8	8	0.929	1	2.79
43200	9	9	0.234	1	2.79
43225	5	5	0.171	1	2.77
43250	6	4	0.051	0	2.79
43275	5	5	0.224	1	2.79
43300	2	5	0.23	0	2.77
43325	9	9	0.287	1	2.8
43350	8	8	0.697	1	2.79
43375	0	0	0.377	1	2.76
43400	8	8	0.978	1	2.79
43425	5	5	0.762	1	2.78
43450	2	6	0.168	0	2.77
43475	0	0	0.978	1	2.77
43500	3	-1	0.0	0	2.77
43525	0	0	0.978	1	2.76
43550	4	4	0.0828	1	2.81
43575	4	4	0.541	1	2.79
43600	1	1	0.941	1	2.77
43625	7	7	0.978	1	2.78
43650	4	4	0.349	1	2.79
43675	8	8	0.955	1	2.77
43700	0	0	0.605	1	2.76
43725	8	8	0.237	1	2.79
43750	0	0	0.158	1	2.77
43775	0	0	0.978	1	2.75
43800	3	3	0.396	1	2.79
43825	1	1	0.649	1	2.8
43850	3	3	0.509	1	2.78
43875	0	0	0.978	1	2.78
43900	9	9	0.941	1	2.77
43925	4	4	0.292	1	2.78
43950	4	4	0.466	1	2.77
43975	4	4	0.283	1	2.78
44000	7	7	0.735	1	2.78
44025	7	7	0.529	1	2.8
44050	9	9	0.532	1	2.78
44075	2	2	0.655	1	2.76
44100	8	2	0.0378	0	2.79
44125	4	4	0.499	1	2.77
44150	5	5	0.337	1	2.78
44175	0	0	0.889	1	2.78
44200	4	4	0.641	1	2.77
44225	1	6	0.148	0	2.77
44250	6	-1	0.0	0	2.77
44275	0	0	0.41	1	2.79
44300	5	5	0.208	1	2.78
44325	5	-1	0.0	0	2.78
44350	0	0	0.676	1	2.79
44375	8	8	0.978	1	2.78
44400	4	4	0.243	1	2.77
44425	1	1	0.505	1	2.78
44450	4	4	0.594	1	2.78
44475	1	1	0.251	1	2.78
44500	0	-1	0.0	0	2.78
44525	4	4	0.569	1	2.77
44550	3	4	0.267	0	2.8
44575	1	1	0.644	1	2.76
44600	6	6	0.262	1	2.78
44625	1	1	0.464	1	2.78
44650	6	6	0.792	1	2.76
44675	6	6	0.746	1	2.79
44700	5	5	0.461	1	2.77
44725	1	1	0.978	1	2.78
44750	4	4	0.339	1	2.77
44775	9	9	0.655	1	2.78
44800	3	3	0.241	1	2.77
44825	6	6	0.593	1	2.77
44850	4	4	0.784	1	2.79
44875	0	9	0.0762	0	2.78
44900	4	4	0.846	1	2.77
44925	0	0	0.41	1	2.77
44950	3	3	0.368	1	2.79
44975	0	0	0.839	1	2.77
45000	7	7	0.92	1	2.77
45025	8	8	0.978	1	2.78
45050	2	6	0.0025	0	2.79
45075	3	3	0.192	1	2.77
45100	4	4	0.00143	1	2.76
45125	5	5	0.978	1	2.78
45150	7	7	0.642	1	2.79
45175	3	3	0.274	1	2.77
45200	2	4	0.394	0	2.77
45225	6	6	0.152	1	2.79
45250	3	5	0.186	0	2.77
45275	3	3	0.422	1	2.78
45300	6	6	0.482	1	2.77
45325	8	8	0.296	1	2.77
45350	6	6	0.43	1	2.77
45375	8	8	0.301	1	2.77
45400	4	4	0.223	1	2.78
45425	1	1	0.436	1	2.79
45450	5	5	0.158	1	2.79
45475	1	1	0.978	1	2.76
45500	1	1	0.409	1	2.77
45525	0	0	0.955	1	2.78
45550	2	2	0.866	1	2.78
45575	6	6	0.421	1	2.77
45600	1	1	0.846	1	2.77
45625	3	3	0.316	1	2.8
45650	8	8	0.0618	1	2.77
45675	1	1	0.187	1	2.79
45700	3	3	0.48	1	2.78
45725	7	7	0.978	1	2.77
45750	6	4	0.0182	0	2.78
45775	4	4	0.0482	1	2.78
45800	0	0	0.929	1	2.79
45825	9	9	0.552	1	2.77
45850	3	3	0.445	1	2.79
45875	2	2	0.675	1	2.79
45900	6	-1	0.0	0	2.78
45925	6	6	0.0467	1	2.77
45950	7	7	0.978	1	2.8
45975	9	9	0.81	1	2.78
46000	2	2	0.303	1	2.76
46025	7	7	0.323	1	2.79
46050	6	6	0.385	1	2.79
46075	6	6	0.978	1	2.78
46100	8	8	0.377	1	2.78
46125	2	2	0.08	1	2.78
46150	4	4	0.0426	1	2.77
46175	8	8	0.612	1	2.77
46200	0	-1	0.0	0	2.76
46225	9	9	0.906	1	2.79
46250	4	4	0.394	1	2.78
46275	5	5	0.978	1	2.79
46300	7	3	0.404	0	2.79
46325	3	3	0.209	1	2.77
46350	5	-1	0.0	0	2.78
46375	9	9	0.955	1	2.79
46400	7	7	0.204	1	2.77
46425	3	3	0.395	1	2.78
46450	2	2	0.403	1	2.77
46475	2	-1	0.0	0	2.76
46500	3	3	0.358	1	2.8
46525	5	5	0.729	1	2.77
46550	6	6	0.337	1	2.79
46575	2	2	0.277	1	2.78
46600	6	6	0.199	1	2.78
46625	0	0	0.36	1	2.79
46650	4	3	0.152	0	2.77
46675	8	8	0.472	1	2.78
46700	5	5	0.816	1	2.77
46725	0	0	0.548	1	2.73
46750	0	0	0.159	1	2.8
46775	9	9	0.941	1	2.78
46800	2	2	0.385	1	2.79
46825	3	5	0.353	0	2.78
46850	6	6	0.243	1	2.8
46875	7	7	0.978	1	2.78
46900	1	1	0.156	1	2.76
46925	5	-1	0.0	0	2.79
46950	3	3	0.049	1	2.77
46975	8	8	0.33	1	2.78
47000	8	8	0.617	1	2.77
47025	9	9	0.46	1	2.78
47050	0	-1	0.0	0	2.78
47075	3	8	0.037	0	2.79
47100	3	3	0.31	1	2.78
47125	7	7	0.739	1	2.77
47150	6	6	0.651	1	2.78
47175	9	9	0.459	1	2.79
47200	2	2	0.224	1	2.77
47225	5	5	0.393	1	2.78
47250	3	3	0.529	1	2.78
47275	7	7	0.456	1	2.78
47300	4	4	0.231	1	2.77
47325	7	7	0.587	1	2.76
47350	8	8	0.574	1	2.77
47375	0	0	0.824	1	2.79
47400	8	8	0.929	1	2.79
47425	4	4	0.153	1	2.79
47450	2	2	0.158	1	2.78
47475	3	3	0.0676	1	2.77
47500	2	-1	0.0	0	2.78
47525	0	3	0.0128	0	2.77
47550	0	0	0.816	1	2.78
47575	7	7	0.267	1	2.75
47600	6	6	0.492	1	2.81
47625	5	5	0.016	1	2.77
47650	6	6	0.241	1	2.8
47675	2	2	0.0398	1	2.79
47700	9	9	0.395	1	2.78
47725	5	-1	0.0	0	2.78
47750	2	5	0.349	0	2.77
47775	3	3	0.269	1	2.78
47800	2	2	0.413	1	2.79
47825	8	8	0.462	1	2.79
47850	2	2	0.315	1	2.79
47875	9	9	0.757	1	2.77
47900	1	1	0.978	1	2.77
47925	0	0	0.272	1	2.78
47950	3	3	0.473	1	2.78
47975	4	-1	0.0	0	2.79
48000	1	1	0.479	1	2.76
48025	2	8	0.00993	0	2.78
48050	5	5	0.831	1	2.77
48075	1	1	0.307	1	2.79
48100	0	0	0.55	1	2.76
48125	8	8	0.929	1	2.78
48150	9	9	0.0563	1	2.76
48175	8	8	0.738	1	2.79
48200	3	3	0.0452	1	2.77
48225	8	8	0.534	1	2.78
48250	2	-1	0.0	0	2.76
48275	1	1	0.978	1	2.78
48300	2	2	0.119	1	2.77
48325	6	6	0.885	1	2.79
48350	0	2	0.0875	0	2.77
48375	1	1	0.978	1	2.78
48400	6	6	0.0582	1	2.77
48425	4	-1	0.0	0	2.8
48450	9	9	0.718	1	2.78
48475	8	8	0.955	1	2.76
48500	8	8	0.777	1	2.76
48525	6	6	0.515	1	2.78
48550	8	8	0.195	1	2.77
48575	6	6	0.494	1	2.77
48600	6	6	0.452	1	2.77
48625	5	5	0.622	1	2.76
48650	6	6	0.19	1	2.77
48675	1	1	0.675	1	2.78
48700	8	8	0.296	1	2.78
48725	8	8	0.978	1	2.78
48750	5	5	0.175	1	2.76
48775	5	5	0.906	1	2.77
48800	2	0	0.302	0	2.78
48825	4	0	0.065	0	2.76
48850	0	0	0.448	1	2.78
48875	4	4	0.123	1	2.76
48900	5	5	0.605	1	2.75
48925	6	6	0.685	1	2.78
48950	4	4	0.435	1	2.78
48975	1	1	0.638	1	2.78
49000	8	8	0.559	1	2.77
49025	8	8	0.793	1	2.71
49050	0	0	0.978	1	2.82
49075	1	1	0.682	1	2.79
49100	0	0	0.978	1	2.78
49125	9	9	0.941	1	2.78
49150	1	1	0.978	1	2.77
49175	7	7	0.805	1	2.76
49200	6	6	0.889	1	2.77
49225	1	1	0.497	1	2.76
49250	8	8	0.708	1	2.76
49275	2	2	0.516	1	2.78
49300	9	9	0.228	1	2.76
49325	3	3	0.35	1	2.77
49350	7	7	0.323	1	2.77
49375	0	0	0.25	1	2.67
49400	8	8	0.579	1	2.62
49425	9	9	0.31	1	2.74
49450	2	4	0.314	0	2.95
49475	4	4	0.536	1	2.87
49500	3	3	0.249	1	2.79
49525	0	0	0.978	1	2.78
49550	6	3	0.0323	0	2.76
49575	4	4	0.215	1	2.76
49600	3	3	0.41	1	2.77
49625	8	8	0.624	1	2.77
49650	7	7	0.0428	1	2.78
49675	5	5	0.661	1	2.77
49700	2	2	0.779	1	2.78
49725	2	2	0.539	1	2.73
49750	9	9	0.0577	1	2.79
49775	3	3	0.68	1	2.76
49800	2	2	0.64	1	2.77
49825	3	3	0.254	1	2.79
49850	7	7	0.576	1	2.75
49875	1	1	0.955	1	2.76
49900	3	3	0.75	1	2.75
49925	7	-1	0.0	0	2.75
49950	4	4	0.551	1	2.76
49975	3	3	0.203	1	2.77
